XT_D04-NFlex-R1-A	XT_D06-NFlex-R1-A	XT_D08-NFlex-R1-C	XT_D07-NFlex-R1-C	XT_D10-NFlex-R1-C	XT_D05-NFlex-R1-C	XT_D05-NFlex-R1-A	XT_D05-NFlex-R1-B	XT_D08-NFlex-R1-B	XT_D02-NFlex-R1-B	XT_D07-NFlex-R1-B	XT_D09-NFlex-R1-B	XT_D03-NFlex-R1-C	XT_D01-NFlex-R1-A	XT_D04-NFlex-R1-C	XT_D10-NFlex-R1-A	XT_D06-NFlex-R1-B	XT_D03-NFlex-R1-B	XT_D10-NFlex-R1-B	XT_D09-NFlex-R1-C	XT_D02-NFlex-R1-A	XT_D09-NFlex-R1-A	XT_D04-NFlex-R1-B	XT_D08-NFlex-R1-A	XT_D06-NFlex-R1-C	XT_D02-NFlex-R1-C	XT_D01-NFlex-R1-C	XT_D07-NFlex-R1-A	XT_D03-NFlex-R1-A	XT_D01-NFlex-R1-B	Flex_D10-NF-R1	Flex_D07-NF-R1	Flex_D08-NF-R1	Flex_D05-NF-R1	Flex_D02-NF-R1	Flex_D03-NF-R1	Flex_D09-NF-R1	Flex_D01-NF-R1	Flex_D06-NF-R1	Flex_D04-NF-R1
XT_D04-NFlex-R1-A	0	0.512536287889602	0.563021444505387	0.478025146550726	0.654042113658087	0.528971016111654	0.52466960732677	0.529518130412713	0.562036472893555	0.602052001446606	0.474821285415836	0.431406425792783	0.429187082619271	0.500799207176835	0.00347658611704112	0.650698708846801	0.510564743581412	0.428887357351017	0.652617704823793	0.431700248493584	0.60255022526544	0.431254788456163	0.0125625435494558	0.564996118217477	0.511788261303504	0.60342985886059	0.502994517685351	0.477898004066436	0.428146532260655	0.504122420023573	0.632391489713081	0.456525910761735	0.555321577359316	0.519799403755134	0.587129511878502	0.406903013923156	0.423699898251941	0.497439151007803	0.468127633023152	0.0796396127780888
XT_D06-NFlex-R1-A	0.512536287889602	0	0.204683701716621	0.309888120711521	0.411044518462775	0.272068512007545	0.277802502342693	0.272417389960434	0.203759720155595	0.34070069022773	0.30953379292868	0.208012045740115	0.48717025314251	0.3338776199322	0.513215226503549	0.408431177467737	0.00735299163195892	0.494414361451843	0.410002861320463	0.20737626555619	0.340787608761631	0.207404724936596	0.509912914218525	0.206893167848616	0.0042240734837574	0.341396869900356	0.336068490308572	0.308094880156223	0.491193501547018	0.335549781950959	0.386448590941186	0.32104848956688	0.196267719269556	0.30764566264952	0.319729232765155	0.501511646028345	0.249297271092539	0.37589119826769	0.111329887924903	0.495772003056066
XT_D08-NFlex-R1-C	0.563021444505387	0.204683701716621	0	0.282831253888538	0.296668622097817	0.266611257506054	0.273715984754666	0.26731886435217	0.00204739953198396	0.21664606851245	0.28155680329645	0.307322669687417	0.479176198128537	0.30281471587636	0.563205455954859	0.294196519407693	0.204527403789263	0.480723570837361	0.29565771962885	0.307236486792247	0.216631062591649	0.306252323513296	0.562783145211269	0.00909302438491854	0.20632970078227	0.21714154966134	0.309182312829813	0.282240173011099	0.479421931292553	0.309142149273903	0.278138596865704	0.302883933306354	0.0689089464747949	0.299825694164775	0.196462436672487	0.5138449802115	0.354502222663103	0.350718734927693	0.284925354541103	0.550543395250046
XT_D07-NFlex-R1-C	0.478025146550726	0.309888120711521	0.282831253888538	0	0.510137802763282	0.374623106482786	0.370464805762068	0.374212598265856	0.282236036288683	0.431685355001118	0.00730283104680925	0.311283586028476	0.439603107090482	0.237731968446432	0.478957474654407	0.506932931726692	0.306611362887394	0.447184045474755	0.508638602770773	0.311225614716867	0.431837427930467	0.310589911129923	0.475054239999175	0.287318004231564	0.308948312705026	0.432713066680026	0.247715042756214	0.0049088850819984	0.443418185448272	0.24783603231777	0.48428040346247	0.121443822635273	0.259492235211863	0.374047798202455	0.405448029721498	0.459758993780547	0.317566266033792	0.277494241238061	0.302256777875652	0.461716834798463
XT_D10-NFlex-R1-C	0.654042113658087	0.411044518462775	0.296668622097817	0.510137802763282	0	0.404482012267966	0.41429075712326	0.405228240027929	0.297354408946796	0.232985570165407	0.509923196279783	0.454717430697418	0.583544714160988	0.531908021308438	0.654439824506653	0.00769245624643353	0.413002831206979	0.586079125754118	0.00550274774837945	0.454209944052709	0.23247463285443	0.45335597093654	0.653985608886313	0.293242456989323	0.413215429126684	0.231936351873935	0.538596652526843	0.50967789621196	0.584114388960485	0.53860711840286	0.105392226260981	0.531247977797634	0.338621945069487	0.430212398474374	0.255140676720505	0.590774257407272	0.494248660258313	0.575644048199708	0.485201479487896	0.639987447140028
XT_D05-NFlex-R1-C	0.528971016111654	0.272068512007545	0.266611257506054	0.374623106482786	0.404482012267966	0	0.0148372431815486	0.00299749956415354	0.266589706352237	0.360818667552377	0.373961059492535	0.272439168877384	0.491850760615174	0.358652414725663	0.52917308527633	0.402104256767892	0.270662799345108	0.493953328828717	0.40345462521638	0.271840169233124	0.361090475019793	0.270626050263884	0.528471618172325	0.268809757866832	0.270639990757894	0.361894238017633	0.363343864779653	0.374129578891819	0.492055706078668	0.363054939321718	0.402452584762342	0.373163848797332	0.24457831595817	0.0611803264567145	0.354937464833292	0.524559219729296	0.305406002469135	0.396210401690474	0.297531820914194	0.513685961360585
XT_D05-NFlex-R1-A	0.52466960732677	0.277802502342693	0.273715984754666	0.370464805762068	0.41429075712326	0.0148372431815486	0	0.0138236119398882	0.273120539285972	0.371055516731287	0.369792477333525	0.270743037320009	0.488838781248395	0.356609132712102	0.524871654996053	0.411853710045194	0.276966264542201	0.491212905582985	0.413223021302547	0.270195481060797	0.37137220814088	0.268972163796985	0.52417025039303	0.279469974854174	0.276964898370883	0.372157835517434	0.361523463446468	0.369953802803322	0.489265013249308	0.36125456323483	0.412420088546675	0.373041321207251	0.250728465505172	0.0603716173785967	0.365222847213109	0.523496025614734	0.303540157030269	0.393410853770082	0.292912903965722	0.509413556159019
XT_D05-NFlex-R1-B	0.529518130412713	0.272417389960434	0.26731886435217	0.374212598265856	0.405228240027929	0.00299749956415354	0.0138236119398882	0	0.267297572790865	0.361316399746769	0.373530484448615	0.272400869249691	0.491875057071228	0.358468509316579	0.529730247605623	0.402850135659074	0.271222113948459	0.494087723568896	0.404240099920416	0.271853316821305	0.361595309885618	0.270629948154178	0.529008784194083	0.269619297623962	0.271202445496712	0.362391907672732	0.36313268060541	0.373711623424319	0.492129702948986	0.362811804792551	0.403192485884593	0.372793754326666	0.245226416976377	0.0602627110031504	0.355462430832893	0.524793975014609	0.305358994022602	0.395915627876145	0.298399204773045	0.514203246863417
XT_D08-NFlex-R1-B	0.562036472893555	0.203759720155595	0.00204739953198396	0.282236036288683	0.297354408946796	0.266589706352237	0.273120539285972	0.267297572790865	0	0.217051286912913	0.281001618976203	0.306317699424694	0.478201469796526	0.302268871811889	0.562220542247236	0.294892330813736	0.203593409215631	0.47987005722585	0.296313408108754	0.306231453742648	0.217066321137889	0.305257370580882	0.561808336790368	0.0101825584468176	0.205415741770987	0.217556785291135	0.3086264749383	0.281654401612638	0.47842721841349	0.308576327686166	0.278793569103655	0.303341278766376	0.0676720854157233	0.299723477936529	0.196747164540486	0.512799700030592	0.353457040452036	0.3501829996867	0.283960779054297	0.549558377178287
XT_D02-NFlex-R1-B	0.602052001446606	0.34070069022773	0.21664606851245	0.431685355001118	0.232985570165407	0.360818667552377	0.371055516731287	0.361316399746769	0.217051286912913	0	0.431952567127731	0.386127334167022	0.572191277548079	0.453471279660875	0.602157675203654	0.229769275726393	0.342741536581382	0.573652071591847	0.231330372244322	0.385920513444321	0.00140521265557083	0.385277462530247	0.601363097576005	0.212317096881767	0.342972692272307	0.00338433108266188	0.457192932337251	0.431414873545102	0.572071985334314	0.457553636291378	0.303321725992693	0.457175851247348	0.266652960750493	0.386397698278973	0.0610070005407413	0.597510741467593	0.434053669230489	0.490972529708018	0.424105849507463	0.584015152000846
XT_D07-NFlex-R1-B	0.474821285415836	0.30953379292868	0.28155680329645	0.00730283104680925	0.509923196279783	0.373961059492535	0.369792477333525	0.373530484448615	0.281001618976203	0.431952567127731	0	0.310799736339589	0.438704541898339	0.237908933861732	0.47571298681647	0.506699043688736	0.306257044338504	0.445215832960395	0.508384828130748	0.310741751379799	0.432124675119377	0.310096041105711	0.473288809260509	0.285984269959806	0.308583817558608	0.432990315005332	0.247982854986754	0.00912291518121123	0.4414599523045	0.248216307201402	0.482088273423075	0.115411970949161	0.260282148802193	0.37204513267791	0.405655789267991	0.458583437269206	0.314881062002216	0.277274416285501	0.301111439593818	0.460953914017032
XT_D09-NFlex-R1-B	0.431406425792783	0.208012045740115	0.307322669687417	0.311283586028476	0.454717430697418	0.272439168877384	0.270743037320009	0.272400869249691	0.306317699424694	0.386127334167022	0.310799736339589	0	0.430212128576429	0.319449816517921	0.432185329577445	0.452176434056978	0.206839528554863	0.438866317655486	0.45371887681757	0.00220114387411757	0.386555752365996	0.00457521337629463	0.428080618908066	0.310700624585561	0.208140729398831	0.387450218887066	0.321532541651491	0.309650577340335	0.435018535415401	0.321262253565607	0.441294312336882	0.314870403639736	0.281618205268084	0.26098579179862	0.367456409120376	0.439732772993264	0.0959013511616887	0.357228423732816	0.190642325285057	0.413414424475615
XT_D03-NFlex-R1-C	0.429187082619271	0.48717025314251	0.479176198128537	0.439603107090482	0.583544714160988	0.491850760615174	0.488838781248395	0.491875057071228	0.478201469796526	0.572191277548079	0.438704541898339	0.430212128576429	0	0.40458789860476	0.429483850161037	0.582448575911282	0.485664616115588	0.01679121458315	0.582095934037767	0.430625268453582	0.572666430450052	0.430023795658236	0.42528130835596	0.483724895719224	0.486754680021967	0.573608376530122	0.408750528656219	0.439072100356086	0.0105358925361344	0.409465645436849	0.565575234417936	0.43043998609733	0.458597265582234	0.476083595109321	0.559146379304263	0.146971550013032	0.413791782248519	0.400650015021071	0.458450874104257	0.421155914666767
XT_D01-NFlex-R1-A	0.500799207176835	0.3338776199322	0.30281471587636	0.237731968446432	0.531908021308438	0.358652414725663	0.356609132712102	0.358468509316579	0.302268871811889	0.453471279660875	0.237908933861732	0.319449816517921	0.40458789860476	0	0.501544931710121	0.527745248600951	0.331766271561565	0.414508893808291	0.529650113011205	0.319000552419978	0.453603050848404	0.318158315673985	0.497397701079428	0.306693581196016	0.333741691831412	0.454378696844409	0.0179786480168423	0.238758487217692	0.410305820499647	0.0188520764778114	0.502369821310988	0.235553000259777	0.268519427074962	0.365388626623022	0.42812743893545	0.430593683453395	0.305761864849032	0.0757580703756334	0.319168746191397	0.476744042213314
XT_D04-NFlex-R1-C	0.00347658611704112	0.513215226503549	0.563205455954859	0.478957474654407	0.654439824506653	0.52917308527633	0.524871654996053	0.529730247605623	0.562220542247236	0.602157675203654	0.47571298681647	0.432185329577445	0.429483850161037	0.501544931710121	0	0.651090090604347	0.511243688021059	0.428599685801971	0.653025445362479	0.432479154291515	0.602655846717065	0.432033696267357	0.0122866369993267	0.56518010656538	0.512467199711247	0.603535480312216	0.503850752512956	0.478777075897894	0.428443482925619	0.504888106580363	0.632772967246327	0.457030955413508	0.556090258284406	0.519804459863223	0.587275153256642	0.407430367392021	0.424271344211974	0.498285142660675	0.467622937250082	0.0799155297376446
XT_D10-NFlex-R1-A	0.650698708846801	0.408431177467737	0.294196519407693	0.506932931726692	0.00769245624643353	0.402104256767892	0.411853710045194	0.402850135659074	0.294892330813736	0.229769275726393	0.506699043688736	0.452176434056978	0.582448575911282	0.527745248600951	0.651090090604347	0	0.410389597334068	0.584952196975982	0.00318963393189653	0.451658975690566	0.22926825696954	0.450814940029348	0.650813272900397	0.290859400027265	0.410602128488639	0.228709974752535	0.534201182752981	0.506412278989769	0.582987802693859	0.534442132239758	0.101467522977336	0.528109835120128	0.335700039972288	0.427282376654714	0.251889989238048	0.58822766262048	0.490960489259087	0.571379240139856	0.482458816938966	0.635893788176225
XT_D06-NFlex-R1-B	0.510564743581412	0.00735299163195892	0.204527403789263	0.306611362887394	0.413002831206979	0.270662799345108	0.276966264542201	0.271222113948459	0.203593409215631	0.342741536581382	0.306257044338504	0.206839528554863	0.485664616115588	0.331766271561565	0.511243688021059	0.410389597334068	0	0.491820125982487	0.411951272589083	0.206103879469545	0.342858511420707	0.205957093511154	0.507941317430186	0.206726830202298	0.00455612320093505	0.343467775370722	0.333955962778124	0.30481812343674	0.489246216798039	0.333447270141124	0.386850848498797	0.31750895426342	0.196010134446689	0.305233477340321	0.321769630143199	0.497555073478514	0.249200105297455	0.372724064325844	0.110623648534355	0.493648815978414
XT_D03-NFlex-R1-B	0.428887357351017	0.494414361451843	0.480723570837361	0.447184045474755	0.586079125754118	0.493953328828717	0.491212905582985	0.494087723568896	0.47987005722585	0.573652071591847	0.445215832960395	0.438866317655486	0.01679121458315	0.414508893808291	0.428599685801971	0.584952196975982	0.491820125982487	0	0.584710453631359	0.43927949581447	0.574137202570863	0.438667990212478	0.427929012652293	0.48525205648365	0.493415999773219	0.575079161291031	0.418770953264294	0.447394413612925	0.00671446679099837	0.419446090172803	0.567697247769125	0.433425137907271	0.467195549098963	0.478798485983673	0.560428363583957	0.140822895252495	0.422405171192383	0.410885056520982	0.465004105447491	0.425032167429729
XT_D10-NFlex-R1-B	0.652617704823793	0.410002861320463	0.29565771962885	0.508638602770773	0.00550274774837945	0.40345462521638	0.413223021302547	0.404240099920416	0.296313408108754	0.231330372244322	0.508384828130748	0.45371887681757	0.582095934037767	0.529650113011205	0.653025445362479	0.00318963393189653	0.411951272589083	0.584710453631359	0	0.453201966913196	0.230839161846444	0.452357417842649	0.652675527059055	0.292300731018841	0.412193850613995	0.230280979896216	0.536098183833464	0.508127678599116	0.582735722797629	0.536369212728447	0.101061780740021	0.529703950797262	0.337082139404524	0.428795334739768	0.253483271132515	0.588128939490131	0.49260509744423	0.573027052233993	0.484010847341027	0.637850752459815
XT_D09-NFlex-R1-C	0.431700248493584	0.20737626555619	0.307236486792247	0.311225614716867	0.454209944052709	0.271840169233124	0.270195481060797	0.271853316821305	0.306231453742648	0.385920513444321	0.310741751379799	0.00220114387411757	0.430625268453582	0.319000552419978	0.432479154291515	0.451658975690566	0.206103879469545	0.43927949581447	0.453201966913196	0	0.386358956192998	0.00358462951454883	0.428364421578241	0.310633801786672	0.207430284976207	0.387273366915	0.32115336411144	0.309592606631961	0.435431707751062	0.320883073008403	0.440757205991947	0.314882806432133	0.281141124620091	0.260960636747723	0.367670373134059	0.439725336810003	0.0952150762871951	0.356769207270631	0.189726233596911	0.413688321338578
XT_D02-NFlex-R1-A	0.60255022526544	0.340787608761631	0.216631062591649	0.431837427930467	0.23247463285443	0.361090475019793	0.37137220814088	0.361595309885618	0.217066321137889	0.00140521265557083	0.432124675119377	0.386555752365996	0.572666430450052	0.453603050848404	0.602655846717065	0.22926825696954	0.342858511420707	0.574137202570863	0.230839161846444	0.386358956192998	0	0.385736679469608	0.601880975160896	0.212291994133794	0.343059620642477	0.00256358763965243	0.457334723665018	0.431617027402642	0.57254712649351	0.457705401959453	0.303269956840969	0.457368625226081	0.266807225464317	0.386782485484847	0.0614699666070825	0.597991229028794	0.434493915099078	0.491317958077278	0.424212879182325	0.584553155066012
XT_D09-NFlex-R1-A	0.431254788456163	0.207404724936596	0.306252323513296	0.310589911129923	0.45335597093654	0.270626050263884	0.268972163796985	0.270629948154178	0.305257370580882	0.385277462530247	0.310096041105711	0.00457521337629463	0.430023795658236	0.318158315673985	0.432033696267357	0.450814940029348	0.205957093511154	0.438667990212478	0.452357417842649	0.00358462951454883	0.385736679469608	0	0.427908962228442	0.309630248394753	0.207468597946521	0.386665217374179	0.320520000879449	0.308966922993561	0.43482022165298	0.320239674362061	0.439688688978861	0.314257897424135	0.280196017866155	0.2598884839052	0.367411752266332	0.438500685881983	0.0946481085827581	0.355909041640681	0.189293095305809	0.413124258325885
XT_D04-NFlex-R1-B	0.0125625435494558	0.509912914218525	0.562783145211269	0.475054239999175	0.653985608886313	0.528471618172325	0.52417025039303	0.529008784194083	0.561808336790368	0.601363097576005	0.473288809260509	0.428080618908066	0.42528130835596	0.497397701079428	0.0122866369993267	0.650813272900397	0.507941317430186	0.427929012652293	0.652675527059055	0.428364421578241	0.601880975160896	0.427908962228442	0	0.564757975448	0.509164832540246	0.602760613272608	0.499710325871031	0.474974018544417	0.426207743756962	0.50065760484926	0.632836211736584	0.457684621821723	0.552166235058748	0.519250551388686	0.586460090388266	0.403278088257569	0.420725895819612	0.494134816903678	0.464142824356598	0.0711187746286731
XT_D08-NFlex-R1-A	0.564996118217477	0.206893167848616	0.00909302438491854	0.287318004231564	0.293242456989323	0.268809757866832	0.279469974854174	0.269619297623962	0.0101825584468176	0.212317096881767	0.285984269959806	0.310700624585561	0.483724895719224	0.306693581196016	0.56518010656538	0.290859400027265	0.206726830202298	0.48525205648365	0.292300731018841	0.310633801786672	0.212291994133794	0.309630248394753	0.564757975448	0	0.208509082199459	0.212822569362195	0.314279813495724	0.28671691325136	0.483900382316428	0.314601188523053	0.274747239452387	0.303979516751092	0.0767538806187824	0.301344686656026	0.191049897042938	0.517926299345585	0.358812493632943	0.35721431019076	0.287189621605669	0.55333086887401
XT_D06-NFlex-R1-C	0.511788261303504	0.0042240734837574	0.20632970078227	0.308948312705026	0.413215429126684	0.270639990757894	0.276964898370883	0.271202445496712	0.205415741770987	0.342972692272307	0.308583817558608	0.208140729398831	0.486754680021967	0.333741691831412	0.512467199711247	0.410602128488639	0.00455612320093505	0.493415999773219	0.412193850613995	0.207430284976207	0.343059620642477	0.207468597946521	0.509164832540246	0.208509082199459	0	0.343668876663102	0.335961408717498	0.30718512935896	0.490316276079342	0.335442708394597	0.387997200981907	0.320308675307989	0.197873234700636	0.30601594942058	0.322061184484775	0.499940118012998	0.247760382733657	0.375171974633495	0.108631858820209	0.495023358726855
XT_D02-NFlex-R1-C	0.60342985886059	0.341396869900356	0.21714154966134	0.432713066680026	0.231936351873935	0.361894238017633	0.372157835517434	0.362391907672732	0.217556785291135	0.00338433108266188	0.432990315005332	0.387450218887066	0.573608376530122	0.454378696844409	0.603535480312216	0.228709974752535	0.343467775370722	0.575079161291031	0.230280979896216	0.387273366915	0.00256358763965243	0.386665217374179	0.602760613272608	0.212822569362195	0.343668876663102	0	0.458110369159667	0.432482648219977	0.573509110336948	0.458471073513507	0.303374678249338	0.458173649958039	0.267478873751476	0.387343956681248	0.062547546298278	0.598888690978429	0.435501705133032	0.492130943775678	0.424792019478851	0.585382624025765
XT_D01-NFlex-R1-C	0.502994517685351	0.336068490308572	0.309182312829813	0.247715042756214	0.538596652526843	0.363343864779653	0.361523463446468	0.36313268060541	0.3086264749383	0.457192932337251	0.247982854986754	0.321532541651491	0.408750528656219	0.0179786480168423	0.503850752512956	0.534201182752981	0.333955962778124	0.418770953264294	0.536098183833464	0.32115336411144	0.457334723665018	0.320520000879449	0.499710325871031	0.314279813495724	0.335961408717498	0.458110369159667	0	0.248787319192109	0.414587942541148	0.00282142112908075	0.511192850748969	0.246383908590336	0.2742250021349	0.369982112146663	0.432582554045917	0.433432789164488	0.307721528384175	0.0711050574929378	0.321980471800837	0.478898809376547
XT_D07-NFlex-R1-A	0.477898004066436	0.308094880156223	0.282240173011099	0.0049088850819984	0.50967789621196	0.374129578891819	0.369953802803322	0.373711623424319	0.281654401612638	0.431414873545102	0.00912291518121123	0.309650577340335	0.439072100356086	0.238758487217692	0.478777075897894	0.506412278989769	0.30481812343674	0.447394413612925	0.508127678599116	0.309592606631961	0.431617027402642	0.308966922993561	0.474974018544417	0.28671691325136	0.30718512935896	0.432482648219977	0.248787319192109	0	0.443658565408656	0.248840284828806	0.483769475075888	0.123798065181675	0.25936199285905	0.373773359865425	0.405257624965033	0.459829179460893	0.318157361170793	0.279197302726513	0.301164803807229	0.46115250827335
XT_D03-NFlex-R1-A	0.428146532260655	0.491193501547018	0.479421931292553	0.443418185448272	0.584114388960485	0.492055706078668	0.489265013249308	0.492129702948986	0.47842721841349	0.572071985334314	0.4414599523045	0.435018535415401	0.0105358925361344	0.410305820499647	0.428443482925619	0.582987802693859	0.489246216798039	0.00671446679099837	0.582735722797629	0.435431707751062	0.57254712649351	0.43482022165298	0.426207743756962	0.483900382316428	0.490316276079342	0.573509110336948	0.414587942541148	0.443658565408656	0	0.415283093606693	0.566010030451667	0.431730731799624	0.463797277348741	0.476697008721741	0.558848074250027	0.144077283106851	0.418577663528353	0.406787320591688	0.462090759179691	0.423157313117266
XT_D01-NFlex-R1-B	0.504122420023573	0.335549781950959	0.309142149273903	0.24783603231777	0.53860711840286	0.363054939321718	0.36125456323483	0.362811804792551	0.308576327686166	0.457553636291378	0.248216307201402	0.321262253565607	0.409465645436849	0.0188520764778114	0.504888106580363	0.534442132239758	0.333447270141124	0.419446090172803	0.536369212728447	0.320883073008403	0.457705401959453	0.320239674362061	0.50065760484926	0.314601188523053	0.335442708394597	0.458471073513507	0.00282142112908075	0.248840284828806	0.415283093606693	0	0.512152134717336	0.246785628421057	0.274625914849797	0.370123154382664	0.433381730606727	0.434085692472404	0.307461270533612	0.0723047199377178	0.321830777320713	0.479994456873093
Flex_D10-NF-R1	0.632391489713081	0.386448590941186	0.278138596865704	0.48428040346247	0.105392226260981	0.402452584762342	0.412420088546675	0.403192485884593	0.278793569103655	0.303321725992693	0.482088273423075	0.441294312336882	0.565575234417936	0.502369821310988	0.632772967246327	0.101467522977336	0.386850848498797	0.567697247769125	0.101061780740021	0.440757205991947	0.303269956840969	0.439688688978861	0.632836211736584	0.274747239452387	0.387997200981907	0.303374678249338	0.511192850748969	0.483769475075888	0.566010030451667	0.512152134717336	0	0.492267409486014	0.316907698642905	0.421790000752661	0.277760072916132	0.566520338554301	0.47242430697766	0.543224872098558	0.447075274139528	0.612281132883566
Flex_D07-NF-R1	0.456525910761735	0.32104848956688	0.302883933306354	0.121443822635273	0.531247977797634	0.373163848797332	0.373041321207251	0.372793754326666	0.303341278766376	0.457175851247348	0.115411970949161	0.314870403639736	0.43043998609733	0.235553000259777	0.457030955413508	0.528109835120128	0.31750895426342	0.433425137907271	0.529703950797262	0.314882806432133	0.457368625226081	0.314257897424135	0.457684621821723	0.303979516751092	0.320308675307989	0.458173649958039	0.246383908590336	0.123798065181675	0.431730731799624	0.246785628421057	0.492267409486014	0	0.279696772580927	0.369978855107807	0.429384319627307	0.432824900319148	0.294441163319896	0.252852076091404	0.2980873121187	0.444226575930714
Flex_D08-NF-R1	0.555321577359316	0.196267719269556	0.0689089464747949	0.259492235211863	0.338621945069487	0.24457831595817	0.250728465505172	0.245226416976377	0.0676720854157233	0.266652960750493	0.260282148802193	0.281618205268084	0.458597265582234	0.268519427074962	0.556090258284406	0.335700039972288	0.196010134446689	0.467195549098963	0.337082139404524	0.281141124620091	0.266807225464317	0.280196017866155	0.552166235058748	0.0767538806187824	0.197873234700636	0.267478873751476	0.2742250021349	0.25936199285905	0.463797277348741	0.274625914849797	0.316907698642905	0.279696772580927	0	0.27870229146673	0.249713168873736	0.485980815554144	0.321908465306942	0.302852457184218	0.267166674613879	0.536245180948207
Flex_D05-NF-R1	0.519799403755134	0.30764566264952	0.299825694164775	0.374047798202455	0.430212398474374	0.0611803264567145	0.0603716173785967	0.0602627110031504	0.299723477936529	0.386397698278973	0.37204513267791	0.26098579179862	0.476083595109321	0.365388626623022	0.519804459863223	0.427282376654714	0.305233477340321	0.478798485983673	0.428795334739768	0.260960636747723	0.386782485484847	0.2598884839052	0.519250551388686	0.301344686656026	0.30601594942058	0.387343956681248	0.369982112146663	0.373773359865425	0.476697008721741	0.370123154382664	0.421790000752661	0.369978855107807	0.27870229146673	0	0.372153269054528	0.505392987724883	0.280447784335513	0.393323025086013	0.295156104108844	0.493817808485398
Flex_D02-NF-R1	0.587129511878502	0.319729232765155	0.196462436672487	0.405448029721498	0.255140676720505	0.354937464833292	0.365222847213109	0.355462430832893	0.196747164540486	0.0610070005407413	0.405655789267991	0.367456409120376	0.559146379304263	0.42812743893545	0.587275153256642	0.251889989238048	0.321769630143199	0.560428363583957	0.253483271132515	0.367670373134059	0.0614699666070825	0.367411752266332	0.586460090388266	0.191049897042938	0.322061184484775	0.062547546298278	0.432582554045917	0.405257624965033	0.558848074250027	0.433381730606727	0.277760072916132	0.429384319627307	0.249713168873736	0.372153269054528	0	0.581908136499304	0.412576403487714	0.470302352405148	0.402402563958079	0.568539332052886
Flex_D03-NF-R1	0.406903013923156	0.501511646028345	0.5138449802115	0.459758993780547	0.590774257407272	0.524559219729296	0.523496025614734	0.524793975014609	0.512799700030592	0.597510741467593	0.458583437269206	0.439732772993264	0.146971550013032	0.430593683453395	0.407430367392021	0.58822766262048	0.497555073478514	0.140822895252495	0.588128939490131	0.439725336810003	0.597991229028794	0.438500685881983	0.403278088257569	0.517926299345585	0.499940118012998	0.598888690978429	0.433432789164488	0.459829179460893	0.144077283106851	0.434085692472404	0.566520338554301	0.432824900319148	0.485980815554144	0.505392987724883	0.581908136499304	0	0.4246497221484	0.400194974278274	0.46765316868682	0.39947344334063
Flex_D09-NF-R1	0.423699898251941	0.249297271092539	0.354502222663103	0.317566266033792	0.494248660258313	0.305406002469135	0.303540157030269	0.305358994022602	0.353457040452036	0.434053669230489	0.314881062002216	0.0959013511616887	0.413791782248519	0.305761864849032	0.424271344211974	0.490960489259087	0.249200105297455	0.422405171192383	0.49260509744423	0.0952150762871951	0.434493915099078	0.0946481085827581	0.420725895819612	0.358812493632943	0.247760382733657	0.435501705133032	0.307721528384175	0.318157361170793	0.418577663528353	0.307461270533612	0.47242430697766	0.294441163319896	0.321908465306942	0.280447784335513	0.412576403487714	0.4246497221484	0	0.337312625948761	0.204905446767244	0.399255546090852
Flex_D01-NF-R1	0.497439151007803	0.37589119826769	0.350718734927693	0.277494241238061	0.575644048199708	0.396210401690474	0.393410853770082	0.395915627876145	0.3501829996867	0.490972529708018	0.277274416285501	0.357228423732816	0.400650015021071	0.0757580703756334	0.498285142660675	0.571379240139856	0.372724064325844	0.410885056520982	0.573027052233993	0.356769207270631	0.491317958077278	0.355909041640681	0.494134816903678	0.35721431019076	0.375171974633495	0.492130943775678	0.0711050574929378	0.279197302726513	0.406787320591688	0.0723047199377178	0.543224872098558	0.252852076091404	0.302852457184218	0.393323025086013	0.470302352405148	0.400194974278274	0.337312625948761	0	0.354482684197369	0.471281439977707
Flex_D06-NF-R1	0.468127633023152	0.111329887924903	0.284925354541103	0.302256777875652	0.485201479487896	0.297531820914194	0.292912903965722	0.298399204773045	0.283960779054297	0.424105849507463	0.301111439593818	0.190642325285057	0.458450874104257	0.319168746191397	0.467622937250082	0.482458816938966	0.110623648534355	0.465004105447491	0.484010847341027	0.189726233596911	0.424212879182325	0.189293095305809	0.464142824356598	0.287189621605669	0.108631858820209	0.424792019478851	0.321980471800837	0.301164803807229	0.462090759179691	0.321830777320713	0.447075274139528	0.2980873121187	0.267166674613879	0.295156104108844	0.402402563958079	0.46765316868682	0.204905446767244	0.354482684197369	0	0.448754951359763
Flex_D04-NF-R1	0.0796396127780888	0.495772003056066	0.550543395250046	0.461716834798463	0.639987447140028	0.513685961360585	0.509413556159019	0.514203246863417	0.549558377178287	0.584015152000846	0.460953914017032	0.413414424475615	0.421155914666767	0.476744042213314	0.0799155297376446	0.635893788176225	0.493648815978414	0.425032167429729	0.637850752459815	0.413688321338578	0.584553155066012	0.413124258325885	0.0711187746286731	0.55333086887401	0.495023358726855	0.585382624025765	0.478898809376547	0.46115250827335	0.423157313117266	0.479994456873093	0.612281132883566	0.444226575930714	0.536245180948207	0.493817808485398	0.568539332052886	0.39947344334063	0.399255546090852	0.471281439977707	0.448754951359763	0
