XT_D04-NFlex-R1-A	XT_D06-NFlex-R1-A	XT_D08-NFlex-R1-C	XT_D07-NFlex-R1-C	XT_D10-NFlex-R1-C	XT_D05-NFlex-R1-C	XT_D05-NFlex-R1-A	XT_D05-NFlex-R1-B	XT_D08-NFlex-R1-B	XT_D02-NFlex-R1-B	XT_D07-NFlex-R1-B	XT_D09-NFlex-R1-B	XT_D03-NFlex-R1-C	XT_D01-NFlex-R1-A	XT_D04-NFlex-R1-C	XT_D10-NFlex-R1-A	XT_D06-NFlex-R1-B	XT_D03-NFlex-R1-B	XT_D10-NFlex-R1-B	XT_D09-NFlex-R1-C	XT_D02-NFlex-R1-A	XT_D09-NFlex-R1-A	XT_D04-NFlex-R1-B	XT_D08-NFlex-R1-A	XT_D06-NFlex-R1-C	XT_D02-NFlex-R1-C	XT_D01-NFlex-R1-C	XT_D07-NFlex-R1-A	XT_D03-NFlex-R1-A	XT_D01-NFlex-R1-B	Flex_D10-NF-R1	Flex_D07-NF-R1	Flex_D08-NF-R1	Flex_D05-NF-R1	Flex_D02-NF-R1	Flex_D03-NF-R1	Flex_D09-NF-R1	Flex_D01-NF-R1	Flex_D06-NF-R1	Flex_D04-NF-R1
XT_D04-NFlex-R1-A	0	0.204367127302433	0.328576650894081	0.170543998380197	0.337046548738368	0.306242061150396	0.30126764775089	0.306886334926503	0.328240977031941	0.392296733248505	0.167801029250188	0.199742479473836	0.186171447225836	0.17290688894565	0.000880149625436366	0.332801773969365	0.200912918572495	0.182039655363929	0.3336274897351	0.199125479710673	0.392511749399638	0.198775441206437	0.00631697387055577	0.330661194851545	0.201953022582896	0.393956860158352	0.175990010410981	0.168821100655186	0.184578417864595	0.176815797474225	0.251290902808146	0.123097900031142	0.30286279080485	0.257137381114986	0.36199930760371	0.0489846922068599	0.156212855489377	0.135413514541954	0.140901006864926	0.0252842983307162
XT_D06-NFlex-R1-A	0.204367127302433	0	0.127940235218818	0.0808964717177374	0.133559520445204	0.12443389928252	0.121962911295299	0.124308759487421	0.127604569057987	0.191660336677281	0.0828394208492266	0.030655826603542	0.0328160454256482	0.0943348720490373	0.204367127302433	0.129394727872096	0.00347421033006576	0.0390095799539476	0.130220417633411	0.0307925287094805	0.191835358029762	0.0304524913053661	0.203629065941618	0.130034787377604	0.00245409911820847	0.193340448784611	0.0917319370148071	0.0823393864468665	0.0357996038749016	0.0912564784196217	0.0712957036562925	0.106381068764581	0.102426419536105	0.0761000829257195	0.161622929834387	0.156532522601808	0.0786962957036563	0.128807974628269	0.0753183652330021	0.212748552144656
XT_D08-NFlex-R1-C	0.328576650894081	0.127940235218818	0	0.165083206656533	0.0457234932629994	0.0762753574020056	0.0797301964174936	0.0754562383353974	0.000355672361740698	0.0663302574661914	0.167026155888037	0.149726406355333	0.143415628465799	0.178361595286995	0.328596654294659	0.0431283420076172	0.131314409943275	0.147737581152221	0.0437835026802143	0.150183670775831	0.0664652214081316	0.150213674076194	0.327688657458952	0.00228449414755668	0.130254303732637	0.0680504776905709	0.175758661352974	0.166536121185576	0.145088701434605	0.175273203758129	0.0806964557164574	0.208268865163469	0.0293743769528565	0.0933139950950032	0.035292823425874	0.282082566605328	0.200156012480999	0.221655668867787	0.202708553147804	0.336658024727633
XT_D07-NFlex-R1-C	0.170543998380197	0.0808964717177374	0.165083206656533	0	0.210516675317424	0.1936494509291	0.191188471444753	0.193544316335209	0.164837649313552	0.229503312810754	0.00279297753098896	0.0666425637283306	0.0492405619072188	0.0149814888452369	0.170564001780775	0.207921524862192	0.0782834649974318	0.0429869449659579	0.208566685334827	0.0663461472841379	0.229648279253079	0.0662761395832908	0.169656008546094	0.166607808227822	0.0795035778079768	0.231253532634875	0.016121893211803	0.00177290832632071	0.0462669829539798	0.0163325219475973	0.151472117769421	0.0477061223511984	0.143800017252705	0.14536564517448	0.198475878070246	0.124229938395072	0.0784462757020561	0.0585426198238633	0.0817855602760422	0.178575378115904
XT_D10-NFlex-R1-C	0.337046548738368	0.133559520445204	0.0457234932629994	0.210516675317424	0	0.0536983746482827	0.0596141911473577	0.0529843896753901	0.0459590537065728	0.0583408291324677	0.212469622648563	0.160776077607761	0.162516251625162	0.224045080048804	0.337036547038079	0.00425478087007228	0.136933693369337	0.168689782953134	0.00342906860491636	0.161233341828217	0.0585158515851585	0.16126334512858	0.336308482576017	0.0441988952923155	0.135893589358936	0.0600409382392141	0.221442144214421	0.211959586946064	0.165499810274454	0.220956686419532	0.0861857321422997	0.235991267363513	0.0672167216721672	0.104613685348851	0.044084571470188	0.289121917432162	0.211195685733867	0.258508180927803	0.208337835373649	0.345477982082036
XT_D05-NFlex-R1-C	0.306242061150396	0.12443389928252	0.0762753574020056	0.1936494509291	0.0536983746482827	0	0.00597581629685618	0.000939157476378431	0.0761950845561997	0.108538915257321	0.195912553181404	0.131835680992661	0.153489530864011	0.202406959212569	0.306292069651841	0.0494635968783953	0.126966875798029	0.159913307029501	0.0502893114439263	0.131952369696006	0.10870387379796	0.131672339492785	0.305264105229439	0.0772251772645436	0.125756754785927	0.110249148883767	0.199073807143674	0.195322515879473	0.156533153024829	0.198498033880465	0.060002249246281	0.222004377608774	0.0645436501883088	0.0509953168004234	0.0870362110690747	0.2699855452145	0.16302482438896	0.235939972382938	0.181984348978141	0.313473290459378
XT_D05-NFlex-R1-A	0.30126764775089	0.121962911295299	0.0797301964174936	0.191188471444753	0.0596141911473577	0.00597581629685618	0	0.00665979997024798	0.0796499235716878	0.114444728855651	0.193441576997968	0.128593570106268	0.151018544477398	0.199835790560272	0.301317659453552	0.0553694156782215	0.124495887810808	0.15744232734461	0.0561951307438375	0.128710258809612	0.114609692897995	0.128430229006544	0.300289691829934	0.0806800162800316	0.123285766798706	0.116154961681793	0.196502638491377	0.192861536395126	0.154062166638216	0.195926865228168	0.0550278486516411	0.219533393623073	0.0679984898038708	0.0468320856431479	0.0904810447829054	0.267514558027583	0.159782713502566	0.233358799229287	0.177009955385462	0.308398822042538
XT_D05-NFlex-R1-B	0.306886334926503	0.124308759487421	0.0754562383353974	0.193544316335209	0.0529843896753901	0.000939157476378431	0.00665979997024798	0	0.0753759654895915	0.107804931885169	0.195797421888425	0.131740306314443	0.153364391469052	0.20235179210577	0.306936344828438	0.0487396142062539	0.12684173600293	0.159798175236236	0.0495653292718699	0.131856995017787	0.107979890825793	0.13157696911582	0.305908379005546	0.0764060581979354	0.125631614990828	0.109515166511737	0.199018640036875	0.195217381285583	0.15640801362987	0.198442866773666	0.0606565280238322	0.221879245415675	0.0637145329223567	0.0516592986737613	0.0861970876015383	0.269860405619471	0.163342331454049	0.235864801075281	0.182648635057392	0.314037541329917
XT_D08-NFlex-R1-B	0.328240977031941	0.127604569057987	0.000355672361740698	0.164837649313552	0.0459590537065728	0.0761950845561997	0.0796499235716878	0.0753759654895915	0	0.0666459981398326	0.166780598445033	0.149390659280747	0.143079954803693	0.178126031342821	0.32826098043252	0.0433639027512476	0.130968739281745	0.147401909390438	0.0440190652241508	0.149847923701246	0.0667809623818239	0.149877927001609	0.327352983796846	0.0026202358212239	0.12992863467123	0.0683662200645032	0.1755230974088	0.166290564142632	0.1447530277725	0.175037639813954	0.0803607934562899	0.207923121189475	0.0290386269777781	0.0929882459199888	0.0356085652997193	0.281746894243444	0.199820268706974	0.221329919692772	0.202362885586808	0.336322350865493
XT_D02-NFlex-R1-B	0.392296733248505	0.191660336677281	0.0663302574661914	0.229503312810754	0.0583408291324677	0.108538915257321	0.114444728855651	0.107804931885169	0.0666459981398326	0	0.231866134520767	0.21555661341654	0.207125716221951	0.240511646048144	0.392316736649083	0.0624756228060525	0.195034502100088	0.211507700512935	0.0616299365454772	0.21601387703687	0.000225021952145719	0.216043880337233	0.391408743414401	0.0640757668190137	0.194014399989868	0.00175023662683384	0.238518905145307	0.230966072716548	0.208788790991189	0.237943722311893	0.144396557275082	0.27395908182715	0.0955446057151844	0.159434226058201	0.0315074584410813	0.345752656462179	0.265996225843221	0.287295856627096	0.266478663207298	0.400308095180033
XT_D07-NFlex-R1-B	0.167801029250188	0.0828394208492266	0.167026155888037	0.00279297753098896	0.212469622648563	0.195912553181404	0.193441576997968	0.195797421888425	0.166780598445033	0.231866134520767	0	0.0689056736821863	0.0511435140393821	0.0152916502677054	0.167821032650766	0.209864472793501	0.0802264043271507	0.0448898967980461	0.210509633166121	0.0686092578381196	0.232011100062933	0.0685392501372725	0.166913039416085	0.168550757759372	0.08144652573925	0.23361635314472	0.0164320542341954	0.0010500735051453	0.0481699350861431	0.0166426821698137	0.153425065900705	0.0449431460202214	0.145702969084824	0.147618750827711	0.200838700080315	0.12146696536459	0.0783165698469042	0.0561198012146397	0.0813156920984469	0.175822409886086
XT_D09-NFlex-R1-B	0.199742479473836	0.030655826603542	0.149726406355333	0.0666425637283306	0.160776077607761	0.131835680992661	0.128593570106268	0.131740306314443	0.149390659280747	0.21555661341654	0.0689056736821863	0	0.0369036903690369	0.0797607929328101	0.19977247967338	0.15772088314831	0.028042804280428	0.0391256622712094	0.158366045821319	0.000646994061636013	0.215741574157416	0.0010670314648703	0.198854486638842	0.15200089420189	0.0292629262926293	0.217296850143446	0.0764276427642764	0.0683256330793441	0.0382942752676524	0.075851874902256	0.10126147745585	0.0950775054103773	0.12048204820482	0.0827214909284732	0.18431915357309	0.154168492095229	0.0509996971374872	0.113283809804309	0.0750545271442329	0.207813853007476
XT_D03-NFlex-R1-C	0.186171447225836	0.0328160454256482	0.143415628465799	0.0492405619072188	0.162516251625162	0.153489530864011	0.151018544477398	0.153364391469052	0.143079954803693	0.207125716221951	0.0511435140393821	0.0369036903690369	0	0.0619688797294287	0.186171442324513	0.159911102970364	0.0302030203020302	0.00645378176635993	0.16055626644351	0.0370645368450276	0.207330733073307	0.0370345328445175	0.18544338656499	0.145500172623297	0.0314231423142314	0.2087958398312	0.0593559355935593	0.0506734799368749	0.00305362366101302	0.0588604647959295	0.103441697277976	0.0746551580542831	0.117741774177418	0.105185725709856	0.177088304678136	0.138676942340206	0.0626040954363458	0.0963819700068636	0.0603830647983343	0.194572884571095
XT_D01-NFlex-R1-A	0.17290688894565	0.0943348720490373	0.178361595286995	0.0149814888452369	0.224045080048804	0.202406959212569	0.199835790560272	0.20235179210577	0.178126031342821	0.240511646048144	0.0152916502677054	0.0797607929328101	0.0619688797294287	0	0.172926892346229	0.221449930493745	0.0917218491258373	0.0557953222970499	0.222095093466805	0.0794643747882604	0.240656609489894	0.0793943670874133	0.17196891641836	0.179886189757078	0.0929419709380006	0.242221870873342	0.00374333830058713	0.0152316460674114	0.059015311378024	0.00445941412880541	0.165000525901399	0.0510992230537635	0.156928374978891	0.153492998422988	0.209454212308022	0.126662948189219	0.080296143766308	0.0470142312808153	0.0839355944663204	0.180038119656527
XT_D04-NFlex-R1-C	0.000880149625436366	0.204367127302433	0.328596654294659	0.170564001780775	0.337036547038079	0.306292069651841	0.301317659453552	0.306936344828438	0.32826098043252	0.392316736649083	0.167821032650766	0.19977247967338	0.186171442324513	0.172926892346229	0	0.332791772269076	0.200912918572495	0.18202965366364	0.333617488034811	0.199155480610363	0.392531752800216	0.198795444607015	0.00553681624000797	0.330681198252123	0.201953022582896	0.39397686355893	0.176010013811559	0.168841104055764	0.184578412263139	0.176835800874803	0.25129089650657	0.123117903431721	0.302882794205428	0.257197394417806	0.362029312704577	0.0489846922068599	0.156242860590245	0.135443514041365	0.140090869141513	0.0245241691087485
XT_D10-NFlex-R1-A	0.332801773969365	0.129394727872096	0.0431283420076172	0.207921524862192	0.00425478087007228	0.0494635968783953	0.0553694156782215	0.0487396142062539	0.0433639027512476	0.0624756228060525	0.209864472793501	0.15772088314831	0.159911102970364	0.221449930493745	0.332791772269076	0	0.132768903096668	0.166084634898378	0.000855714065229918	0.157857586454501	0.0626506464589714	0.157507547950265	0.332063707807014	0.0416037443369903	0.13172879878621	0.064175732112831	0.218846996059628	0.209364436990923	0.162894660519447	0.218361537464563	0.082010937768942	0.233386117108405	0.0646115725172741	0.100368910179772	0.0457241967842391	0.284877141662967	0.206950908664426	0.255903031272815	0.204163043600749	0.341233207313033
XT_D06-NFlex-R1-B	0.200912918572495	0.00347421033006576	0.131314409943275	0.0782834649974318	0.136933693369337	0.126966875798029	0.124495887810808	0.12684173600293	0.130968739281745	0.195034502100088	0.0802264043271507	0.028042804280428	0.0302030203020302	0.0917218491258373	0.200912918572495	0.132768903096668	0	0.0363965588310336	0.133594595358408	0.0281795063863665	0.195219521952195	0.0278394689822521	0.20017485721168	0.133408958901511	0.00126012601260131	0.196714616407787	0.089118911891189	0.0797263711250067	0.0331865806516446	0.0886434532960036	0.0738286969748259	0.103758051542456	0.105790579057906	0.0786330592411925	0.165007096957396	0.153078316272302	0.0752420955752667	0.126194950704879	0.0718442046118745	0.209294343414718
XT_D03-NFlex-R1-B	0.182039655363929	0.0390095799539476	0.147737581152221	0.0429869449659579	0.168689782953134	0.159913307029501	0.15744232734461	0.159798175236236	0.147401909390438	0.211507700512935	0.0448898967980461	0.0391256622712094	0.00645378176635993	0.0557953222970499	0.18202965366364	0.166084634898378	0.0363965588310336	0	0.166729796371189	0.0392865086471791	0.21168272016513	0.0392465042466951	0.181311594703083	0.149822126909997	0.0376166800431068	0.213167810320037	0.0531923868627437	0.0444198633956781	0.00340016400624002	0.0527069262672382	0.109635227805644	0.0684315480138293	0.122093762469433	0.1116195078764	0.18148029497019	0.134354989853675	0.0648360607372901	0.09024842547648	0.0590545259403432	0.190431097309984
XT_D10-NFlex-R1-B	0.3336274897351	0.130220417633411	0.0437835026802143	0.208566685334827	0.00342906860491636	0.0502893114439263	0.0561951307438375	0.0495653292718699	0.0440190652241508	0.0616299365454772	0.210509633166121	0.158366045821319	0.16055626644351	0.222095093466805	0.333617488034811	0.000855714065229918	0.133594595358408	0.166729796371189	0	0.15850274912751	0.061804960198396	0.158152710623275	0.332889423572749	0.0422589069099105	0.132554490747899	0.0633300444520196	0.219492159032688	0.210009597763611	0.163539823992592	0.219006700437623	0.0828466277302184	0.234031279481347	0.0652567354903344	0.101194625545439	0.0455436434914793	0.285702856228498	0.20777662212977	0.256548195046011	0.204988733462082	0.342058923078768
XT_D09-NFlex-R1-C	0.199125479710673	0.0307925287094805	0.150183670775831	0.0663461472841379	0.161233341828217	0.131952369696006	0.128710258809612	0.131856995017787	0.149847923701246	0.21601387703687	0.0686092578381196	0.000646994061636013	0.0370645368450276	0.0794643747882604	0.199155480610363	0.157857586454501	0.0281795063863665	0.0392865086471791	0.15850274912751	0	0.216198837777746	0.000450049505445614	0.198237487075721	0.152458158622389	0.0293996283985678	0.217754113563735	0.0761312246197267	0.0680292172352774	0.0384551217436431	0.0755554560575613	0.101398180762041	0.0947810894662895	0.120939310924962	0.0828381786316072	0.184746404591104	0.153531520837882	0.0505424554217566	0.112987391459717	0.0744375503859003	0.207196853044271
XT_D02-NFlex-R1-A	0.392511749399638	0.191835358029762	0.0664652214081316	0.229648279253079	0.0585158515851585	0.10870387379796	0.114609692897995	0.107979890825793	0.0667809623818239	0.000225021952145719	0.232011100062933	0.215741574157416	0.207330733073307	0.240656609489894	0.392531752800216	0.0626506464589714	0.195219521952195	0.21168272016513	0.061804960198396	0.216198837777746	0	0.216228841078109	0.391623759565535	0.064210731061005	0.194189418941894	0.00161525948280529	0.238673867386739	0.231111038858829	0.208993809242812	0.23809868365322	0.144581581327986	0.274114046969186	0.0956795679567956	0.159609184898806	0.0316624137811813	0.345967674213617	0.26617118888463	0.287470817468082	0.266653684659816	0.400523111331167
XT_D09-NFlex-R1-A	0.198775441206437	0.0304524913053661	0.150213674076194	0.0662761395832908	0.16126334512858	0.131672339492785	0.128430229006544	0.13157696911582	0.149877927001609	0.216043880337233	0.0685392501372725	0.0010670314648703	0.0370345328445175	0.0793943670874133	0.198795444607015	0.157507547950265	0.0278394689822521	0.0392465042466951	0.158152710623275	0.000450049505445614	0.216228841078109	0	0.197887448571486	0.152488161922752	0.0290595909944534	0.217784116864098	0.0760612169188796	0.0679592095344303	0.038425117043	0.0754854485567601	0.101058141257527	0.0947210820654194	0.120969314225325	0.0825781500284609	0.184856416092321	0.153151459529578	0.0504324427203114	0.112927383458711	0.0739875008804547	0.206846814540036
XT_D04-NFlex-R1-B	0.00631697387055577	0.203629065941618	0.327688657458952	0.169656008546094	0.336308482576017	0.305264105229439	0.300289691829934	0.305908379005546	0.327352983796846	0.391408743414401	0.166913039416085	0.198854486638842	0.18544338656499	0.17196891641836	0.00553681624000797	0.332063707807014	0.20017485721168	0.181311594703083	0.332889423572749	0.198237487075721	0.391623759565535	0.197887448571486	0	0.32977320161645	0.201214961222081	0.393068870324248	0.17505203788369	0.167933110821083	0.183850357203749	0.175877824946935	0.250552836645795	0.122209910197039	0.301974799170171	0.25615942719467	0.361111319370119	0.0482566333465901	0.155324863454696	0.134475542014664	0.134973889038363	0.0197354351359899
XT_D08-NFlex-R1-A	0.330661194851545	0.130034787377604	0.00228449414755668	0.166607808227822	0.0441988952923155	0.0772251772645436	0.0806800162800316	0.0764060581979354	0.0026202358212239	0.0640757668190137	0.168550757759372	0.15200089420189	0.145500172623297	0.179886189757078	0.330681198252123	0.0416037443369903	0.133408958901511	0.149822126909997	0.0422589069099105	0.152458158622389	0.064210731061005	0.152488161922752	0.32977320161645	0	0.132348852790891	0.0657959887436843	0.177283255823057	0.168060722656843	0.147173245592103	0.176797798228212	0.0827810076752816	0.210543356810667	0.031648861898921	0.0955884799410507	0.0330383340789174	0.284167112163064	0.202430503628117	0.223930153713834	0.204803105006541	0.338742568685097
XT_D06-NFlex-R1-C	0.201953022582896	0.00245409911820847	0.130254303732637	0.0795035778079768	0.135893589358936	0.125756754785927	0.123285766798706	0.125631614990828	0.12992863467123	0.194014399989868	0.08144652573925	0.0292629262926293	0.0314231423142314	0.0929419709380006	0.201953022582896	0.13172879878621	0.00126012601260131	0.0376166800431068	0.132554490747899	0.0293996283985678	0.194189418941894	0.0290595909944534	0.201214961222081	0.132348852790891	0	0.195694514097535	0.0903390339033903	0.0809464913369019	0.0344067024638079	0.0898635753082049	0.0726085751626606	0.104988173654604	0.104770477047705	0.0774229382290913	0.163976994347167	0.154118420682775	0.0762821991855958	0.127415072917119	0.0729043085221186	0.210334447425119
XT_D02-NFlex-R1-C	0.393956860158352	0.193340448784611	0.0680504776905709	0.231253532634875	0.0600409382392141	0.110249148883767	0.116154961681793	0.109515166511737	0.0683662200645032	0.00175023662683384	0.23361635314472	0.217296850143446	0.2087958398312	0.242221870873342	0.39397686355893	0.064175732112831	0.196714616407787	0.213167810320037	0.0633300444520196	0.217754113563735	0.00161525948280529	0.217784116864098	0.393068870324248	0.0657959887436843	0.195694514097535	0	0.240229130770627	0.23271629014031	0.210458914800477	0.239653953738117	0.146096666281801	0.275709299650976	0.097264828640015	0.161134462385302	0.0332077028694673	0.347412781271679	0.267736457369281	0.288996092954197	0.268148770413929	0.40196822208988
XT_D01-NFlex-R1-C	0.175990010410981	0.0917319370148071	0.175758661352974	0.016121893211803	0.221442144214421	0.199073807143674	0.196502638491377	0.199018640036875	0.1755230974088	0.238518905145307	0.0164320542341954	0.0764276427642764	0.0593559355935593	0.00374333830058713	0.176010013811559	0.218846996059628	0.089118911891189	0.0531923868627437	0.219492159032688	0.0761312246197267	0.238673867386739	0.0760612169188796	0.17505203788369	0.177283255823057	0.0903390339033903	0.240229130770627	0	0.0163620505340564	0.0564023705427817	0.000885801265648797	0.162397591467283	0.0541923569213302	0.154315431543154	0.150159846254074	0.207461469004729	0.129756072655029	0.0789357277995181	0.0489769655826681	0.0832953899332209	0.183081234821021
XT_D07-NFlex-R1-A	0.168821100655186	0.0823393864468665	0.166536121185576	0.00177290832632071	0.211959586946064	0.195322515879473	0.192861536395126	0.195217381285583	0.166290564142632	0.230966072716548	0.0010500735051453	0.0683256330793441	0.0506734799368749	0.0152316460674114	0.168841104055764	0.209364436990923	0.0797263711250067	0.0444198633956781	0.210009597763611	0.0680292172352774	0.231111038858829	0.0679592095344303	0.167933110821083	0.168060722656843	0.0809464913369019	0.23271629014031	0.0163620505340564	0	0.047699901383712	0.0165826779695197	0.152925030898255	0.0459532167251707	0.145222935482472	0.147038710224869	0.199938637675995	0.122497038669817	0.0786665945486493	0.0570498663191969	0.081755722900603	0.176852481991133
XT_D03-NFlex-R1-A	0.184578417864595	0.0357996038749016	0.145088701434605	0.0462669829539798	0.165499810274454	0.156533153024829	0.154062166638216	0.15640801362987	0.1447530277725	0.208788790991189	0.0481699350861431	0.0382942752676524	0.00305362366101302	0.059015311378024	0.184578412263139	0.162894660519447	0.0331865806516446	0.00340016400624002	0.163539823992592	0.0384551217436431	0.208993809242812	0.038425117043	0.183850357203749	0.147173245592103	0.0344067024638079	0.210458914800477	0.0564023705427817	0.047699901383712	0	0.0559069141481764	0.106425254827059	0.0716815797011582	0.119414850346832	0.108229348670826	0.178761386448614	0.137003868171161	0.0640046779344152	0.0934384094568511	0.0587299700252052	0.19296985561002
XT_D01-NFlex-R1-B	0.176815797474225	0.0912564784196217	0.175273203758129	0.0163325219475973	0.220956686419532	0.198498033880465	0.195926865228168	0.198442866773666	0.175037639813954	0.237943722311893	0.0166426821698137	0.075851874902256	0.0588604647959295	0.00445941412880541	0.176835800874803	0.218361537464563	0.0886434532960036	0.0527069262672382	0.219006700437623	0.0755554560575613	0.23809868365322	0.0754854485567601	0.175877824946935	0.176797798228212	0.0898635753082049	0.239653953738117	0.000885801265648797	0.0165826779695197	0.0559069141481764	0	0.161912132872218	0.0550181624887203	0.153839969947309	0.149584072790821	0.206886272068305	0.130571862719054	0.0789451418705007	0.0495821484156801	0.0834151104703025	0.183937020083509
Flex_D10-NF-R1	0.251290902808146	0.0712957036562925	0.0806964557164574	0.151472117769421	0.0861857321422997	0.060002249246281	0.0550278486516411	0.0606565280238322	0.0803607934562899	0.144396557275082	0.153425065900705	0.10126147745585	0.103441697277976	0.165000525901399	0.25129089650657	0.082010937768942	0.0738286969748259	0.109635227805644	0.0828466277302184	0.101398180762041	0.144581581327986	0.101058141257527	0.250552836645795	0.0827810076752816	0.0726085751626606	0.146096666281801	0.162397591467283	0.152925030898255	0.106425254827059	0.161912132872218	0	0.176936711515882	0.055222644234181	0.029785630435	0.114379150332027	0.219567565405232	0.132320585646852	0.199433625880478	0.122242113232429	0.259722336151814
Flex_D07-NF-R1	0.123097900031142	0.106381068764581	0.208268865163469	0.0477061223511984	0.235991267363513	0.222004377608774	0.219533393623073	0.221879245415675	0.207923121189475	0.27395908182715	0.0449431460202214	0.0950775054103773	0.0746551580542831	0.0510992230537635	0.123117903431721	0.233386117108405	0.103758051542456	0.0684315480138293	0.234031279481347	0.0947810894662895	0.274114046969186	0.0947210820654194	0.122209910197039	0.210543356810667	0.104988173654604	0.275709299650976	0.0541923569213302	0.0459532167251707	0.0716815797011582	0.0550181624887203	0.176936711515882	0	0.180344962881275	0.173680575155414	0.242911645786563	0.0766838300450773	0.0703482932500371	0.0274026920580922	0.0741551908633604	0.131109261962671
Flex_D08-NF-R1	0.30286279080485	0.102426419536105	0.0293743769528565	0.143800017252705	0.0672167216721672	0.0645436501883088	0.0679984898038708	0.0637145329223567	0.0290386269777781	0.0955446057151844	0.145702969084824	0.12048204820482	0.117741774177418	0.156928374978891	0.302882794205428	0.0646115725172741	0.105790579057906	0.122093762469433	0.0652567354903344	0.120939310924962	0.0956795679567956	0.120969314225325	0.301974799170171	0.031648861898921	0.104770477047705	0.097264828640015	0.154315431543154	0.145222935482472	0.119414850346832	0.153839969947309	0.055222644234181	0.180344962881275	0	0.0671751566347049	0.0644971715749061	0.256378714117511	0.170921662331846	0.192321299516016	0.177194744766247	0.310944164638402
Flex_D05-NF-R1	0.257137381114986	0.0761000829257195	0.0933139950950032	0.14536564517448	0.104613685348851	0.0509953168004234	0.0468320856431479	0.0516592986737613	0.0929882459199888	0.159434226058201	0.147618750827711	0.0827214909284732	0.105185725709856	0.153492998422988	0.257197394417806	0.100368910179772	0.0786330592411925	0.1116195078764	0.101194625545439	0.0828381786316072	0.159609184898806	0.0825781500284609	0.25615942719467	0.0955884799410507	0.0774229382290913	0.161134462385302	0.150159846254074	0.147038710224869	0.108229348670826	0.149584072790821	0.029785630435	0.173680575155414	0.0671751566347049	0	0.128036772917229	0.221591732259466	0.113890634725003	0.186986012794281	0.13295969544857	0.263918519205815
Flex_D02-NF-R1	0.36199930760371	0.161622929834387	0.035292823425874	0.198475878070246	0.044084571470188	0.0870362110690747	0.0904810447829054	0.0861970876015383	0.0356085652997193	0.0315074584410813	0.200838700080315	0.18431915357309	0.177088304678136	0.209454212308022	0.362029312704577	0.0457241967842391	0.165007096957396	0.18148029497019	0.0455436434914793	0.184746404591104	0.0316624137811813	0.184856416092321	0.361111319370119	0.0330383340789174	0.163976994347167	0.0332077028694673	0.207461469004729	0.199938637675995	0.178761386448614	0.206886272068305	0.114379150332027	0.242911645786563	0.0644971715749061	0.128036772917229	0	0.315445235618849	0.234788783102648	0.256158415986377	0.236471257764426	0.369950671936655
Flex_D03-NF-R1	0.0489846922068599	0.156532522601808	0.282082566605328	0.124229938395072	0.289121917432162	0.2699855452145	0.267514558027583	0.269860405619471	0.281746894243444	0.345752656462179	0.12146696536459	0.154168492095229	0.138676942340206	0.126662948189219	0.0489846922068599	0.284877141662967	0.153078316272302	0.134354989853675	0.285702856228498	0.153531520837882	0.345967674213617	0.153151459529578	0.0482566333465901	0.284167112163064	0.154118420682775	0.347412781271679	0.129756072655029	0.122497038669817	0.137003868171161	0.130571862719054	0.219567565405232	0.0766838300450773	0.256378714117511	0.221591732259466	0.315445235618849	0	0.119469557564605	0.0891795753857226	0.116716042652788	0.0572761323541332
Flex_D09-NF-R1	0.156212855489377	0.0786962957036563	0.200156012480999	0.0784462757020561	0.211195685733867	0.16302482438896	0.159782713502566	0.163342331454049	0.199820268706974	0.265996225843221	0.0783165698469042	0.0509996971374872	0.0626040954363458	0.080296143766308	0.156242860590245	0.206950908664426	0.0752420955752667	0.0648360607372901	0.20777662212977	0.0505424554217566	0.26617118888463	0.0504324427203114	0.155324863454696	0.202430503628117	0.0762821991855958	0.267736457369281	0.0789357277995181	0.0786665945486493	0.0640046779344152	0.0789451418705007	0.132320585646852	0.0703482932500371	0.170921662331846	0.113890634725003	0.234788783102648	0.119469557564605	0	0.0885746077455796	0.034402777223928	0.164274234024376
Flex_D01-NF-R1	0.135413514541954	0.128807974628269	0.221655668867787	0.0585426198238633	0.258508180927803	0.235939972382938	0.233358799229287	0.235864801075281	0.221329919692772	0.287295856627096	0.0561198012146397	0.113283809804309	0.0963819700068636	0.0470142312808153	0.135443514041365	0.255903031272815	0.126194950704879	0.09024842547648	0.256548195046011	0.112987391459717	0.287470817468082	0.112927383458711	0.134475542014664	0.223930153713834	0.127415072917119	0.288996092954197	0.0489769655826681	0.0570498663191969	0.0934384094568511	0.0495821484156801	0.199433625880478	0.0274026920580922	0.192321299516016	0.186986012794281	0.256158415986377	0.0891795753857226	0.0885746077455796	0	0.0965821031280333	0.142384730851535
Flex_D06-NF-R1	0.140901006864926	0.0753183652330021	0.202708553147804	0.0817855602760422	0.208337835373649	0.181984348978141	0.177009955385462	0.182648635057392	0.202362885586808	0.266478663207298	0.0813156920984469	0.0750545271442329	0.0603830647983343	0.0839355944663204	0.140090869141513	0.204163043600749	0.0718442046118745	0.0590545259403432	0.204988733462082	0.0744375503859003	0.266653684659816	0.0739875008804547	0.134973889038363	0.204803105006541	0.0729043085221186	0.268148770413929	0.0832953899332209	0.081755722900603	0.0587299700252052	0.0834151104703025	0.122242113232429	0.0741551908633604	0.177194744766247	0.13295969544857	0.236471257764426	0.116716042652788	0.034402777223928	0.0965821031280333	0	0.137760263623923
Flex_D04-NF-R1	0.0252842983307162	0.212748552144656	0.336658024727633	0.178575378115904	0.345477982082036	0.313473290459378	0.308398822042538	0.314037541329917	0.336322350865493	0.400308095180033	0.175822409886086	0.207813853007476	0.194572884571095	0.180038119656527	0.0245241691087485	0.341233207313033	0.209294343414718	0.190431097309984	0.342058923078768	0.207196853044271	0.400523111331167	0.206846814540036	0.0197354351359899	0.338742568685097	0.210334447425119	0.40196822208988	0.183081234821021	0.176852481991133	0.19296985561002	0.183937020083509	0.259722336151814	0.131109261962671	0.310944164638402	0.263918519205815	0.369950671936655	0.0572761323541332	0.164274234024376	0.142384730851535	0.137760263623923	0
