XT_D04-NFlex-R1-A	XT_D06-NFlex-R1-A	XT_D08-NFlex-R1-C	XT_D07-NFlex-R1-C	XT_D10-NFlex-R1-C	XT_D05-NFlex-R1-C	XT_D05-NFlex-R1-A	XT_D05-NFlex-R1-B	XT_D08-NFlex-R1-B	XT_D02-NFlex-R1-B	XT_D07-NFlex-R1-B	XT_D09-NFlex-R1-B	XT_D03-NFlex-R1-C	XT_D01-NFlex-R1-A	XT_D04-NFlex-R1-C	XT_D10-NFlex-R1-A	XT_D06-NFlex-R1-B	XT_D03-NFlex-R1-B	XT_D10-NFlex-R1-B	XT_D09-NFlex-R1-C	XT_D02-NFlex-R1-A	XT_D09-NFlex-R1-A	XT_D04-NFlex-R1-B	XT_D08-NFlex-R1-A	XT_D06-NFlex-R1-C	XT_D02-NFlex-R1-C	XT_D01-NFlex-R1-C	XT_D07-NFlex-R1-A	XT_D03-NFlex-R1-A	XT_D01-NFlex-R1-B	Flex_D10-NF-R1	Flex_D07-NF-R1	Flex_D08-NF-R1	Flex_D05-NF-R1	Flex_D02-NF-R1	Flex_D03-NF-R1	Flex_D09-NF-R1	Flex_D01-NF-R1	Flex_D06-NF-R1	Flex_D04-NF-R1
XT_D04-NFlex-R1-A	0	0.000460033000046071	0.000800019000079985	0.000740013500135036	0.00118001880018805	0.00105001050010498	0.000889994699947015	0.00099999469994697	0.000790013500135026	0.005509994699947	0.000690013500135034	0.000400013400133985	0.000789993799938004	0.000650013500134988	6.00179001789791e-05	0.00112001880018805	0.000560018800187989	0.000949993799938005	0.001100018800188	0.000350023300035025	0.00551993420055199	0.00046001870018701	1.997300000197e-05	0.000830013500134978	0.000600018800188013	0.00583999469994698	0.000620013500135037	0.000720013500135012	0.000859993799938006	0.00062001880018799	0.001040018800188	0.000640006400063991	0.000729994699946977	0.00172998209982101	0.00516993770051702	0.00243996320024395	0.00052003220005205	0.000600018800188013	0.000950009500095032	0.000810008100081032
XT_D06-NFlex-R1-A	0.000460033000046071	0	0.000909990900091084	0.000509989300106966	0.000719985900140977	0.00133002030013305	0.00130001419985808	0.00140001419985804	0.000950003499965043	0.00576000349996507	0.000459989300106964	0.000290003499965084	0.00107000349996507	0.000439989300106918	0.000410014199858091	0.000659985900140976	9.99863001369181e-05	0.00123000339996607	0.000639985900140928	0.000289997100029045	0.00576994230057706	0.000260003499965059	0.00047999520004804	0.00104000349996509	0.000139986300136943	0.00609000349996505	0.000409989300106967	0.000489989300106942	0.00114000349996507	0.000409989300106919	0.000579986300136927	0.000510012100051079	0.000960003499965046	0.00219001419985808	0.00542994570054309	0.00271997280027202	0.000219997800021979	0.000289989300106943	0.000499983600049962	0.0012000404001201
XT_D08-NFlex-R1-C	0.000800019000079985	0.000909990900091084	0	0.000519987900121051	0.00105998250017506	0.000980045000097968	0.000960017599824001	0.00106001759982395	5.00175998239595e-05	0.00503001759982398	0.000479987900121049	0.000669987900120999	0.000600005499944988	0.000589987900121003	0.000750005499945006	0.00099998250017506	0.000919987900121003	0.000530005399945989	0.000979982500175013	0.000669993300067039	0.00498995010049898	0.000699987900121024	0.000819991800081955	0.000130012599874007	0.000929987900121027	0.00535001759982396	0.000669987900121051	0.000529987900121027	0.000630005499944989	0.000679987900121004	0.000969987900121012	0.000399979800040005	0.000200017599823962	0.00185001759982399	0.00504994950050501	0.00234997650023494	0.000779992200078063	0.000779987900121027	0.000899984800090047	0.00161002710016102
XT_D07-NFlex-R1-C	0.000740013500135036	0.000509989300106966	0.000519987900121051	0	0.000600000000000011	0.00144002740027402	0.00142000000000005	0.00152	0.00056000000000001	0.00549000000000003	9.00000000000016e-05	0.000350000000000051	0.00085000000000004	9.00000000000478e-05	0.000690000000000057	0.00054000000000001	0.000420000000000048	0.00089000000000004	0.000519999999999963	0.000399989900101011	0.00544993260067403	0.000310000000000026	0.000759986400136006	0.000650000000000058	0.000409999999999977	0.00581000000000002	0.000150000000000001	2.00000000000239e-05	0.000910000000000041	0.000159999999999953	0.000459999999999961	0.000220015200152046	0.000660000000000012	0.00231000000000004	0.00550993200068006	0.00280995900040999	0.000329990600093987	0.000259999999999977	0.000379996899968996	0.00155002160021607
XT_D10-NFlex-R1-C	0.00118001880018805	0.000719985900140977	0.00105998250017506	0.000600000000000011	0	0.00204002740027403	0.00202000000000006	0.00212000000000002	0.00111000000000002	0.00609000000000004	0.000690000000000013	0.000800000000000062	0.00145000000000005	0.000620000000000059	0.00113000000000007	6.00000000000011e-05	0.000620000000000059	0.00149000000000005	8.00000000000489e-05	0.000849984500155022	0.00604993260067404	0.000730000000000038	0.00119998110018902	0.00116000000000007	0.000580000000000035	0.00641000000000003	0.000570000000000011	0.000610000000000035	0.00151000000000005	0.000560000000000058	0.00015000000000005	0.000820015200152057	0.00126000000000002	0.00291000000000005	0.00610993200068007	0.00340995900041	0.000669986300136998	0.000580000000000035	0.000230009300093016	0.00192002620026208
XT_D05-NFlex-R1-C	0.00105001050010498	0.00133002030013305	0.000980045000097968	0.00144002740027402	0.00204002740027403	0	0.000160016800167966	0.000129989399893989	0.000930027400274008	0.00445998419984202	0.00135002740027402	0.00125002730027297	0.000910026500264978	0.00142002740027397	0.00105001590015896	0.00198002740027403	0.00142002740027397	0.000930026500264978	0.00196002740027398	0.00120004260012001	0.00446992370044701	0.00132002730027299	0.00105002130010501	0.00088002740027396	0.00146002740027399	0.004789984199842	0.00147002740027402	0.00143002740027399	0.000890026500264977	0.00148002740027397	0.00190002740027398	0.00122001220012197	0.000780027400274005	0.000869973499735026	0.00411992720041204	0.00138995270013897	0.00138004080013803	0.00146002740027399	0.00181001810018101	0.00112001120011195
XT_D05-NFlex-R1-A	0.000889994699947015	0.00130001419985808	0.000960017599824001	0.00142000000000005	0.00202000000000006	0.000160016800167966	0	0.000109999999999955	0.000910000000000041	0.00461999999999998	0.00133000000000005	0.00123	0.000890000000000011	0.0014	0.000899999999999993	0.00196000000000006	0.0014	0.00091000000000001	0.00194000000000001	0.00118001529984704	0.00462993950060498	0.00130000000000002	0.000890005399946044	0.000859999999999993	0.00144000000000003	0.00494999999999997	0.00145000000000005	0.00141000000000003	0.00087000000000001	0.00146	0.00188000000000001	0.001199984899849	0.000760000000000038	0.000889999999999993	0.00427994300057001	0.00154996940030594	0.00136001349986506	0.00144000000000003	0.00178999079990805	0.000959995399953984
XT_D05-NFlex-R1-B	0.00099999469994697	0.00140001419985804	0.00106001759982395	0.00152	0.00212000000000002	0.000129989399893989	0.000109999999999955	0	0.00101	0.00451000000000003	0.00143	0.00132999999999995	0.000989999999999965	0.00149999999999996	0.000999999999999948	0.00206000000000001	0.00149999999999996	0.00100999999999996	0.00203999999999997	0.00128001529984699	0.00451993950060502	0.00139999999999998	0.001000005399946	0.000959999999999947	0.00153999999999998	0.00484000000000001	0.00155000000000001	0.00150999999999998	0.000969999999999964	0.00155999999999996	0.00197999999999997	0.00129998489984896	0.000859999999999992	0.000790000000000039	0.00416994300057006	0.00143996940030598	0.00146001349986502	0.00153999999999998	0.001889990799908	0.00106999539995394
XT_D08-NFlex-R1-B	0.000790013500135026	0.000950003499965043	5.00175998239595e-05	0.00056000000000001	0.00111000000000002	0.000930027400274008	0.000910000000000041	0.00101	0	0.00498000000000002	0.000520000000000008	0.000709999999999959	0.00059000000000003	0.000629999999999962	0.000740000000000048	0.00105000000000002	0.000959999999999962	0.000520000000000031	0.00102999999999997	0.000710005399945998	0.00493993260067402	0.000739999999999984	0.000809986400135996	9.00000000000483e-05	0.000969999999999986	0.00530000000000001	0.00071000000000001	0.000569999999999986	0.000620000000000031	0.000719999999999963	0.00100999999999997	0.000439991899918964	0.000150000000000003	0.00180000000000003	0.00499993200068005	0.00229995900040998	0.000820004299957022	0.000819999999999986	0.000939996899969006	0.00160002160021606
XT_D02-NFlex-R1-B	0.005509994699947	0.00576000349996507	0.00503001759982398	0.00549000000000003	0.00609000000000004	0.00445998419984202	0.00461999999999998	0.00451000000000003	0.00498000000000002	0	0.00540000000000003	0.00549999999999998	0.00503999999999999	0.00546999999999999	0.00550999999999998	0.00603000000000004	0.00576999999999999	0.00500999999999999	0.00601	0.00550000539994602	5.00069999299998e-05	0.00553000000000001	0.00551000539994603	0.00492999999999998	0.00578000000000001	0.000329999999999983	0.00552000000000003	0.00548000000000001	0.00500999999999999	0.00552999999999999	0.00595	0.00526998489984899	0.00483000000000002	0.00420999999999999	0.000359989000110031	0.00398002069979305	0.00561000429995704	0.00561000000000001	0.00585999079990803	0.00557999539995397
XT_D07-NFlex-R1-B	0.000690013500135034	0.000459989300106964	0.000479987900121049	9.00000000000016e-05	0.000690000000000013	0.00135002740027402	0.00133000000000005	0.00143	0.000520000000000008	0.00540000000000003	0	0.000300000000000049	0.000760000000000038	0.000109999999999954	0.000640000000000056	0.000630000000000012	0.000439999999999954	0.000800000000000039	0.000609999999999964	0.000349989900101009	0.00535993260067403	0.000260000000000024	0.000709986400136004	0.000610000000000056	0.000449999999999978	0.00572000000000001	0.000190000000000002	7.99999999999778e-05	0.000820000000000039	0.000199999999999955	0.000549999999999963	0.000130015200152044	0.000570000000000011	0.00222000000000004	0.00541993200068006	0.00271995900040998	0.000300004299957014	0.000299999999999978	0.000459991199911997	0.00150002160021607
XT_D09-NFlex-R1-B	0.000400013400133985	0.000290003499965084	0.000669987900120999	0.000350000000000051	0.000800000000000062	0.00125002730027297	0.00123	0.00132999999999995	0.000709999999999959	0.00549999999999998	0.000300000000000049	0	0.000789999999999989	0.000260000000000003	0.000350000000000006	0.000740000000000061	0.000300000000000003	0.000949999999999989	0.000720000000000014	4.999090009096e-05	0.00550993950060498	7.0000000000025e-05	0.000419986400135955	0.000800000000000007	0.000310000000000028	0.00582999999999996	0.000230000000000052	0.000330000000000027	0.00085999999999999	0.000240000000000005	0.000660000000000013	0.000270008100080994	0.000719999999999961	0.00210999999999999	0.00532993270067301	0.00261995900040993	0.000130013699863064	0.000220000000000028	0.000569990699907047	0.00120002160021602
XT_D03-NFlex-R1-C	0.000789993799938004	0.00107000349996507	0.000600005499944988	0.00085000000000004	0.00145000000000005	0.000910026500264978	0.000890000000000011	0.000989999999999965	0.00059000000000003	0.00503999999999999	0.000760000000000038	0.000789999999999989	0	0.000829999999999992	0.000779999999999983	0.00139000000000005	0.00107999999999999	0.000160000000000001	0.00137	0.000790006199938028	0.00504993950060499	0.000820000000000014	0.000780006399936033	0.000629999999999982	0.00109000000000002	0.00536999999999998	0.00088000000000004	0.000840000000000016	7.00000000000011e-05	0.000889999999999993	0.00131	0.000629984899848994	0.000450000000000027	0.00178	0.00499993270067302	0.00195995900040995	0.000910004999950052	0.000920000000000017	0.00121999079990804	0.00132002060020603
XT_D01-NFlex-R1-A	0.000650013500134988	0.000439989300106918	0.000589987900121003	9.00000000000478e-05	0.000620000000000059	0.00142002740027397	0.0014	0.00149999999999996	0.000629999999999962	0.00546999999999999	0.000109999999999954	0.000260000000000003	0.000829999999999992	0	0.00060000000000001	0.000560000000000058	0.00035	0.000889999999999993	0.00054000000000001	0.000309989900100963	0.00542993950060498	0.000219999999999978	0.000669986400135958	0.00072000000000001	0.000360000000000024	0.00578999999999997	8.00000000000483e-05	7.00000000000239e-05	0.000889999999999993	9.00000000000012e-05	0.000480000000000009	0.000220014800147998	0.000659999999999965	0.00229	0.00548993200068001	0.00278995900040994	0.00023999060009394	0.000190000000000024	0.000389990799908044	0.00146002160021602
XT_D04-NFlex-R1-C	6.00179001789791e-05	0.000410014199858091	0.000750005499945006	0.000690000000000057	0.00113000000000007	0.00105001590015896	0.000899999999999993	0.000999999999999948	0.000740000000000048	0.00550999999999998	0.000640000000000056	0.000350000000000006	0.000779999999999983	0.00060000000000001	0	0.00107000000000007	0.00051000000000001	0.000939999999999983	0.00105000000000002	0.000300009899901046	0.00551993950060497	0.000410000000000031	6.99874001259488e-05	0.000810000000000001	0.000550000000000034	0.00583999999999996	0.000570000000000058	0.000670000000000034	0.000849999999999983	0.000570000000000011	0.000990000000000019	0.000589992999930012	0.000729999999999955	0.00178999999999999	0.00516994300057	0.00242996940030593	0.00047001349986507	0.000550000000000034	0.000899990799908053	0.000860021600216011
XT_D10-NFlex-R1-A	0.00112001880018805	0.000659985900140976	0.00099998250017506	0.00054000000000001	6.00000000000011e-05	0.00198002740027403	0.00196000000000006	0.00206000000000001	0.00105000000000002	0.00603000000000004	0.000630000000000012	0.000740000000000061	0.00139000000000005	0.000560000000000058	0.00107000000000007	0	0.000560000000000058	0.00143000000000005	2.00000000000478e-05	0.000789984500155021	0.00598993260067404	0.000670000000000036	0.00113998110018902	0.00110000000000007	0.000520000000000034	0.00635000000000003	0.00051000000000001	0.000550000000000034	0.00145000000000005	0.000500000000000057	9.00000000000489e-05	0.000760015200152056	0.00120000000000002	0.00285000000000005	0.00604993200068007	0.00334995900041	0.000609986300136997	0.000520000000000034	0.000170009300093014	0.00186002620026208
XT_D06-NFlex-R1-B	0.000560018800187989	9.99863001369181e-05	0.000919987900121003	0.000420000000000048	0.000620000000000059	0.00142002740027397	0.0014	0.00149999999999996	0.000959999999999962	0.00576999999999999	0.000439999999999954	0.000300000000000003	0.00107999999999999	0.00035	0.00051000000000001	0.000560000000000058	0	0.00123999999999999	0.00054000000000001	0.000299993600063964	0.00577993890061098	0.000269999999999978	0.000579981100188958	0.00105000000000001	4.00000000000244e-05	0.00609999999999997	0.000320000000000048	0.000400000000000024	0.00114999999999999	0.000320000000000001	0.000480000000000009	0.000520008600085998	0.000969999999999965	0.00229	0.00548993200068001	0.00278995900040994	0.00017999480005194	0.000200000000000024	0.000409994299943044	0.00130002620026202
XT_D03-NFlex-R1-B	0.000949993799938005	0.00123000339996607	0.000530005399945989	0.00089000000000004	0.00149000000000005	0.000930026500264978	0.00091000000000001	0.00100999999999996	0.000520000000000031	0.00500999999999999	0.000800000000000039	0.000949999999999989	0.000160000000000001	0.000889999999999993	0.000939999999999983	0.00143000000000005	0.00123999999999999	0	0.00141	0.000950006199938029	0.00496993310066899	0.000980000000000014	0.000940006299937034	0.000559999999999982	0.00125000000000002	0.00532999999999997	0.000970000000000041	0.000880000000000017	0.000120000000000001	0.000979999999999994	0.00135	0.000719991499914995	0.000420000000000028	0.0018	0.00501993260067402	0.00192995890041095	0.00107000499995005	0.00108000000000002	0.00125999079990804	0.00145002060020603
XT_D10-NFlex-R1-B	0.001100018800188	0.000639985900140928	0.000979982500175013	0.000519999999999963	8.00000000000489e-05	0.00196002740027398	0.00194000000000001	0.00203999999999997	0.00102999999999997	0.00601	0.000609999999999964	0.000720000000000014	0.00137	0.00054000000000001	0.00105000000000002	2.00000000000478e-05	0.00054000000000001	0.00141	0	0.000769984500154973	0.00596993260067399	0.000649999999999989	0.00111998110018897	0.00110000000000002	0.000499999999999986	0.00632999999999998	0.000489999999999962	0.000529999999999986	0.00143	0.000480000000000009	7.00000000000011e-05	0.000740015200152008	0.00117999999999997	0.00283000000000001	0.00602993200068002	0.00332995900040995	0.000589986300136949	0.000499999999999986	0.000150009300092967	0.00184002620026203
XT_D09-NFlex-R1-C	0.000350023300035025	0.000289997100029045	0.000669993300067039	0.000399989900101011	0.000849984500155022	0.00120004260012001	0.00118001529984704	0.00128001529984699	0.000710005399945998	0.00550000539994602	0.000349989900101009	4.999090009096e-05	0.000790006199938028	0.000309989900100963	0.000300009899901046	0.000789984500155021	0.000299993600063964	0.000950006199938029	0.000769984500154973	0	0.00550994490055101	0.000119985500144984	0.000369996300036995	0.000800005399946046	0.000309993600063988	0.005830005399946	0.000279989900101012	0.000379989900100987	0.000860006199938029	0.000289984500154964	0.000709984500154972	0.000299982800029966	0.000720005399946001	0.00206001549984503	0.00527994720052805	0.00256997430025698	0.000179998200018024	0.000269984500154987	0.000619975200062006	0.00115003170011506
XT_D02-NFlex-R1-A	0.00551993420055199	0.00576994230057706	0.00498995010049898	0.00544993260067403	0.00604993260067404	0.00446992370044701	0.00462993950060498	0.00451993950060502	0.00493993260067402	5.00069999299998e-05	0.00535993260067403	0.00550993950060498	0.00504993950060499	0.00542993950060498	0.00551993950060497	0.00598993260067404	0.00577993890061098	0.00496993310066899	0.00596993260067399	0.00550994490055101	0	0.005539939500605	0.00551994480055202	0.00488993260067397	0.005789938900611	0.000360067499324988	0.00550993950060503	0.005439932600674	0.00501993950060499	0.00551993950060498	0.00590993260067399	0.00525993040052598	0.00480993890061102	0.00421993950060498	0.000409995900041031	0.00398996010039904	0.00561994380056204	0.005619939500605	0.00581992340058202	0.00558993490055896
XT_D09-NFlex-R1-A	0.00046001870018701	0.000260003499965059	0.000699987900121024	0.000310000000000026	0.000730000000000038	0.00132002730027299	0.00130000000000002	0.00139999999999998	0.000739999999999984	0.00553000000000001	0.000260000000000024	7.0000000000025e-05	0.000820000000000014	0.000219999999999978	0.000410000000000031	0.000670000000000036	0.000269999999999978	0.000980000000000014	0.000649999999999989	0.000119985500144984	0.005539939500605	0	0.000479981100188979	0.000830000000000032	0.000280000000000003	0.00585999999999999	0.000190000000000027	0.000290000000000002	0.000890000000000015	0.00018999999999998	0.000589999999999987	0.000300008100081019	0.000749999999999986	0.00218000000000002	0.00539993270067303	0.00268995900040996	9.00051999480385e-05	0.000150000000000003	0.000499990699907022	0.00124002160021604
XT_D04-NFlex-R1-B	1.997300000197e-05	0.00047999520004804	0.000819991800081955	0.000759986400136006	0.00119998110018902	0.00105002130010501	0.000890005399946044	0.001000005399946	0.000809986400135996	0.00551000539994603	0.000709986400136004	0.000419986400135955	0.000780006399936033	0.000669986400135958	6.99874001259488e-05	0.00113998110018902	0.000579981100188958	0.000940006299937034	0.00111998110018897	0.000369996300036995	0.00551994480055202	0.000479981100188979	0	0.000849986400135948	0.000619981100188982	0.00584000539994601	0.000639986400136007	0.000739986400135982	0.000850006399936034	0.000639986400135959	0.00105998110018897	0.000659979400065961	0.000730005399946005	0.00172001799982004	0.00516994830051705	0.00242997570024298	0.000539994600054019	0.000619981100188982	0.000969971900097001	0.000790035300079062
XT_D08-NFlex-R1-A	0.000830013500134978	0.00104000349996509	0.000130012599874007	0.000650000000000058	0.00116000000000007	0.00088002740027396	0.000859999999999993	0.000959999999999947	9.00000000000483e-05	0.00492999999999998	0.000610000000000056	0.000800000000000007	0.000629999999999982	0.00072000000000001	0.000810000000000001	0.00110000000000007	0.00105000000000001	0.000559999999999982	0.00110000000000002	0.000800005399946046	0.00488993260067397	0.000830000000000032	0.000849986400135948	0	0.00106000000000003	0.00524999999999996	0.000800000000000059	0.000660000000000034	0.000659999999999983	0.000810000000000012	0.00110000000000002	0.000529991899919013	0.000179999999999955	0.00174999999999999	0.00494993200068	0.00224995900040993	0.00091000429995707	0.000910000000000035	0.00102999689996905	0.00164002160021601
XT_D06-NFlex-R1-C	0.000600018800188013	0.000139986300136943	0.000929987900121027	0.000409999999999977	0.000580000000000035	0.00146002740027399	0.00144000000000003	0.00153999999999998	0.000969999999999986	0.00578000000000001	0.000449999999999978	0.000310000000000028	0.00109000000000002	0.000360000000000024	0.000550000000000034	0.000520000000000034	4.00000000000244e-05	0.00125000000000002	0.000499999999999986	0.000309993600063988	0.005789938900611	0.000280000000000003	0.000619981100188982	0.00106000000000003	0	0.00610999999999999	0.000290000000000024	0.000400000000000001	0.00116000000000002	0.000289999999999977	0.000439999999999985	0.000530008600086022	0.000979999999999989	0.00233000000000002	0.00552993200068004	0.00282995900040996	0.000189994800051964	0.00017	0.000379994299943019	0.00134002620026205
XT_D02-NFlex-R1-C	0.00583999469994698	0.00609000349996505	0.00535001759982396	0.00581000000000002	0.00641000000000003	0.004789984199842	0.00494999999999997	0.00484000000000001	0.00530000000000001	0.000329999999999983	0.00572000000000001	0.00582999999999996	0.00536999999999998	0.00578999999999997	0.00583999999999996	0.00635000000000003	0.00609999999999997	0.00532999999999997	0.00632999999999998	0.005830005399946	0.000360067499324988	0.00585999999999999	0.00584000539994601	0.00524999999999996	0.00610999999999999	0	0.00584000000000002	0.00579999999999999	0.00533999999999998	0.00584999999999997	0.00626999999999998	0.00558998489984897	0.00515	0.00453999999999997	0.000670057099428955	0.00431002069979303	0.00594000429995703	0.00593999999999999	0.00617999079990801	0.00590999539995395
XT_D01-NFlex-R1-C	0.000620013500135037	0.000409989300106967	0.000669987900121051	0.000150000000000001	0.000570000000000011	0.00147002740027402	0.00145000000000005	0.00155000000000001	0.00071000000000001	0.00552000000000003	0.000190000000000002	0.000230000000000052	0.00088000000000004	8.00000000000483e-05	0.000570000000000058	0.00051000000000001	0.000320000000000048	0.000970000000000041	0.000489999999999962	0.000279989900101012	0.00550993950060503	0.000190000000000027	0.000639986400136007	0.000800000000000059	0.000290000000000024	0.00584000000000002	0	0.000140000000000024	0.000940000000000042	9.99999999995282e-06	0.000429999999999961	0.000270014800148047	0.000720000000000013	0.00234000000000004	0.00553993200068006	0.00283995900040999	0.000209990600093988	0.000120000000000024	0.000339990799907995	0.00143002160021607
XT_D07-NFlex-R1-A	0.000720013500135012	0.000489989300106942	0.000529987900121027	2.00000000000239e-05	0.000610000000000035	0.00143002740027399	0.00141000000000003	0.00150999999999998	0.000569999999999986	0.00548000000000001	7.99999999999778e-05	0.000330000000000027	0.000840000000000016	7.00000000000239e-05	0.000670000000000034	0.000550000000000034	0.000400000000000024	0.000880000000000017	0.000529999999999986	0.000379989900100987	0.005439932600674	0.000290000000000002	0.000739986400135982	0.000660000000000034	0.000400000000000001	0.00579999999999999	0.000140000000000024	0	0.000900000000000017	0.000149999999999977	0.000469999999999985	0.000210015200152022	0.000649999999999989	0.00230000000000002	0.00549993200068004	0.00279995900040996	0.000309990600093963	0.000250000000000001	0.00037999119991202	0.00153002160021604
XT_D03-NFlex-R1-A	0.000859993799938006	0.00114000349996507	0.000630005499944989	0.000910000000000041	0.00151000000000005	0.000890026500264977	0.00087000000000001	0.000969999999999964	0.000620000000000031	0.00500999999999999	0.000820000000000039	0.00085999999999999	7.00000000000011e-05	0.000889999999999993	0.000849999999999983	0.00145000000000005	0.00114999999999999	0.000120000000000001	0.00143	0.000860006199938029	0.00501993950060499	0.000890000000000015	0.000850006399936034	0.000659999999999983	0.00116000000000002	0.00533999999999998	0.000940000000000042	0.000900000000000017	0	0.000949999999999994	0.00137	0.000689984899848995	0.000480000000000028	0.00176	0.00497993270067302	0.00189995900040994	0.000980004999950053	0.000990000000000018	0.00127999079990804	0.00133002060020603
XT_D01-NFlex-R1-B	0.00062001880018799	0.000409989300106919	0.000679987900121004	0.000159999999999953	0.000560000000000058	0.00148002740027397	0.00146	0.00155999999999996	0.000719999999999963	0.00552999999999999	0.000199999999999955	0.000240000000000005	0.000889999999999993	9.00000000000012e-05	0.000570000000000011	0.000500000000000057	0.000320000000000001	0.000979999999999994	0.000480000000000009	0.000289984500154964	0.00551993950060498	0.00018999999999998	0.000639986400135959	0.000810000000000012	0.000289999999999977	0.00584999999999997	9.99999999995282e-06	0.000149999999999977	0.000949999999999994	0	0.000420000000000008	0.000280014800147999	0.000729999999999966	0.00235	0.00554993200068001	0.00284995900040994	0.000209990600093941	0.000119999999999977	0.000329990799908042	0.00143002160021602
Flex_D10-NF-R1	0.001040018800188	0.000579986300136927	0.000969987900121012	0.000459999999999961	0.00015000000000005	0.00190002740027398	0.00188000000000001	0.00197999999999997	0.00100999999999997	0.00595	0.000549999999999963	0.000660000000000013	0.00131	0.000480000000000009	0.000990000000000019	9.00000000000489e-05	0.000480000000000009	0.00135	7.00000000000011e-05	0.000709984500154972	0.00590993260067399	0.000589999999999987	0.00105998110018897	0.00110000000000002	0.000439999999999985	0.00626999999999998	0.000429999999999961	0.000469999999999985	0.00137	0.000420000000000008	0	0.000680015200152007	0.00111999999999997	0.00277000000000001	0.00596993200068002	0.00326995900040995	0.000529986300136948	0.000439999999999985	9.00093000929656e-05	0.00178002620026203
Flex_D07-NF-R1	0.000640006400063991	0.000510012100051079	0.000399979800040005	0.000220015200152046	0.000820015200152057	0.00122001220012197	0.001199984899849	0.00129998489984896	0.000439991899918964	0.00526998489984899	0.000130015200152044	0.000270008100080994	0.000629984899848994	0.000220014800147998	0.000589992999930012	0.000760015200152056	0.000520008600085998	0.000719991499914995	0.000740015200152008	0.000299982800029966	0.00525993040052598	0.000300008100081019	0.000659979400065961	0.000529991899919013	0.000530008600086022	0.00558998489984897	0.000270014800148047	0.000210015200152022	0.000689984899848995	0.000280014800147999	0.000680015200152007	0	0.000449991899918967	0.002089984799848	0.00528991690052901	0.00258994390025894	0.000380012400038058	0.000380008200082022	0.000590005900059042	0.00145001450014502
Flex_D08-NF-R1	0.000729994699946977	0.000960003499965046	0.000200017599823962	0.000660000000000012	0.00126000000000002	0.000780027400274005	0.000760000000000038	0.000859999999999992	0.000150000000000003	0.00483000000000002	0.000570000000000011	0.000719999999999961	0.000450000000000027	0.000659999999999965	0.000729999999999955	0.00120000000000002	0.000969999999999965	0.000420000000000028	0.00117999999999997	0.000720005399946001	0.00480993890061102	0.000749999999999986	0.000730005399946005	0.000179999999999955	0.000979999999999989	0.00515	0.000720000000000013	0.000649999999999989	0.000480000000000028	0.000729999999999966	0.00111999999999997	0.000449991899918967	0	0.00165000000000003	0.00484993200068005	0.00214995900040997	0.000830004299957025	0.000829999999999989	0.00102999119991201	0.00146002160021606
Flex_D05-NF-R1	0.00172998209982101	0.00219001419985808	0.00185001759982399	0.00231000000000004	0.00291000000000005	0.000869973499735026	0.000889999999999993	0.000790000000000039	0.00180000000000003	0.00420999999999999	0.00222000000000004	0.00210999999999999	0.00178	0.00229	0.00178999999999999	0.00285000000000005	0.00229	0.0018	0.00283000000000001	0.00206001549984503	0.00421993950060498	0.00218000000000002	0.00172001799982004	0.00174999999999999	0.00233000000000002	0.00453999999999997	0.00234000000000004	0.00230000000000002	0.00176	0.00235	0.00277000000000001	0.002089984799848	0.00165000000000003	0	0.00386994300057002	0.00113996940030594	0.00224001369986306	0.00233000000000002	0.00267999069990704	0.00136999539995398
Flex_D02-NF-R1	0.00516993770051702	0.00542994570054309	0.00504994950050501	0.00550993200068006	0.00610993200068007	0.00411992720041204	0.00427994300057001	0.00416994300057006	0.00499993200068005	0.000359989000110031	0.00541993200068006	0.00532993270067301	0.00499993270067302	0.00548993200068001	0.00516994300057	0.00604993200068007	0.00548993200068001	0.00501993260067402	0.00602993200068002	0.00527994720052805	0.000409995900041031	0.00539993270067303	0.00516994830051705	0.00494993200068	0.00552993200068004	0.000670057099428955	0.00553993200068006	0.00549993200068004	0.00497993270067302	0.00554993200068001	0.00596993200068002	0.00528991690052901	0.00484993200068005	0.00386994300057002	0	0.00363996360036407	0.00544994550054507	0.00552993200068004	0.00587992280058806	0.00523993840052399
Flex_D03-NF-R1	0.00243996320024395	0.00271997280027202	0.00234997650023494	0.00280995900040999	0.00340995900041	0.00138995270013897	0.00154996940030594	0.00143996940030598	0.00229995900040998	0.00398002069979305	0.00271995900040998	0.00261995900040993	0.00195995900040995	0.00278995900040994	0.00242996940030593	0.00334995900041	0.00278995900040994	0.00192995890041095	0.00332995900040995	0.00256997430025698	0.00398996010039904	0.00268995900040996	0.00242997570024298	0.00224995900040993	0.00282995900040996	0.00431002069979303	0.00283995900040999	0.00279995900040996	0.00189995900040994	0.00284995900040994	0.00326995900040995	0.00258994390025894	0.00214995900040997	0.00113996940030594	0.00363996360036407	0	0.002749972500275	0.00282995900040996	0.00317994980031798	0.00249996380024992
Flex_D09-NF-R1	0.00052003220005205	0.000219997800021979	0.000779992200078063	0.000329990600093987	0.000669986300136998	0.00138004080013803	0.00136001349986506	0.00146001349986502	0.000820004299957022	0.00561000429995704	0.000300004299957014	0.000130013699863064	0.000910004999950052	0.00023999060009394	0.00047001349986507	0.000609986300136997	0.00017999480005194	0.00107000499995005	0.000589986300136949	0.000179998200018024	0.00561994380056204	9.00051999480385e-05	0.000539994600054019	0.00091000429995707	0.000189994800051964	0.00594000429995703	0.000209990600093988	0.000309990600093963	0.000980004999950053	0.000209990600093941	0.000529986300136948	0.000380012400038058	0.000830004299957025	0.00224001369986306	0.00544994550054507	0.002749972500275	0	8.99906000939639e-05	0.000439977000043982	0.00125003990012508
Flex_D01-NF-R1	0.000600018800188013	0.000289989300106943	0.000779987900121027	0.000259999999999977	0.000580000000000035	0.00146002740027399	0.00144000000000003	0.00153999999999998	0.000819999999999986	0.00561000000000001	0.000299999999999978	0.000220000000000028	0.000920000000000017	0.000190000000000024	0.000550000000000034	0.000520000000000034	0.000200000000000024	0.00108000000000002	0.000499999999999986	0.000269984500154987	0.005619939500605	0.000150000000000003	0.000619981100188982	0.000910000000000035	0.00017	0.00593999999999999	0.000120000000000024	0.000250000000000001	0.000990000000000018	0.000119999999999977	0.000439999999999985	0.000380008200082022	0.000829999999999989	0.00233000000000002	0.00552993200068004	0.00282995900040996	8.99906000939639e-05	0	0.000349990799908019	0.00134002620026204
Flex_D06-NF-R1	0.000950009500095032	0.000499983600049962	0.000899984800090047	0.000379996899968996	0.000230009300093016	0.00181001810018101	0.00178999079990805	0.001889990799908	0.000939996899969006	0.00585999079990803	0.000459991199911997	0.000569990699907047	0.00121999079990804	0.000389990799908044	0.000899990799908053	0.000170009300093014	0.000409994299943044	0.00125999079990804	0.000150009300092967	0.000619975200062006	0.00581992340058202	0.000499990699907022	0.000969971900097001	0.00102999689996905	0.000379994299943019	0.00617999079990801	0.000339990799907995	0.00037999119991202	0.00127999079990804	0.000329990799908042	9.00093000929656e-05	0.000590005900059042	0.00102999119991201	0.00267999069990704	0.00587992280058806	0.00317994980031798	0.000439977000043982	0.000349990799908019	0	0.00169001690016906
Flex_D04-NF-R1	0.000810008100081032	0.0012000404001201	0.00161002710016102	0.00155002160021607	0.00192002620026208	0.00112001120011195	0.000959995399953984	0.00106999539995394	0.00160002160021606	0.00557999539995397	0.00150002160021607	0.00120002160021602	0.00132002060020603	0.00146002160021602	0.000860021600216011	0.00186002620026208	0.00130002620026202	0.00145002060020603	0.00184002620026203	0.00115003170011506	0.00558993490055896	0.00124002160021604	0.000790035300079062	0.00164002160021601	0.00134002620026205	0.00590999539995395	0.00143002160021607	0.00153002160021604	0.00133002060020603	0.00143002160021602	0.00178002620026203	0.00145001450014502	0.00146002160021606	0.00136999539995398	0.00523993840052399	0.00249996380024992	0.00125003990012508	0.00134002620026204	0.00169001690016906	0
