XT_D04-NFlex-R1-A	XT_D06-NFlex-R1-A	XT_D08-NFlex-R1-C	XT_D07-NFlex-R1-C	XT_D10-NFlex-R1-C	XT_D05-NFlex-R1-C	XT_D05-NFlex-R1-A	XT_D05-NFlex-R1-B	XT_D08-NFlex-R1-B	XT_D02-NFlex-R1-B	XT_D07-NFlex-R1-B	XT_D09-NFlex-R1-B	XT_D03-NFlex-R1-C	XT_D01-NFlex-R1-A	XT_D04-NFlex-R1-C	XT_D10-NFlex-R1-A	XT_D06-NFlex-R1-B	XT_D03-NFlex-R1-B	XT_D10-NFlex-R1-B	XT_D09-NFlex-R1-C	XT_D02-NFlex-R1-A	XT_D09-NFlex-R1-A	XT_D04-NFlex-R1-B	XT_D08-NFlex-R1-A	XT_D06-NFlex-R1-C	XT_D02-NFlex-R1-C	XT_D01-NFlex-R1-C	XT_D07-NFlex-R1-A	XT_D03-NFlex-R1-A	XT_D01-NFlex-R1-B	Flex_D10-NF-R1	Flex_D07-NF-R1	Flex_D08-NF-R1	Flex_D05-NF-R1	Flex_D02-NF-R1	Flex_D03-NF-R1	Flex_D09-NF-R1	Flex_D01-NF-R1	Flex_D06-NF-R1	Flex_D04-NF-R1
XT_D04-NFlex-R1-A	0	0.597549835590101	0.635292544244005	0.540159810769181	0.756958735430581	0.649658064715154	0.64755730425705	0.650144334705179	0.63576213225668	0.691276894627247	0.538530551520117	0.521255637703737	0.515910449252689	0.590843183448461	0.00651291341095426	0.754686528629357	0.595409032412509	0.5183070848484	0.756489484680417	0.520296888264822	0.691681572286549	0.520182341494641	0.0162114640980545	0.634362451615177	0.59588244764833	0.692028637445678	0.593541809710098	0.539578630393849	0.517418101178847	0.595003058184363	0.754548177819345	0.521284725643858	0.635211218876087	0.648233671817713	0.687070835633761	0.503028551571153	0.521258090301985	0.598745132155062	0.579520392586781	0.0858150916238019
XT_D06-NFlex-R1-A	0.597549835590101	0	0.42702409179608	0.454772360426874	0.576184447855844	0.454326546084792	0.453530335117726	0.454778668175826	0.426395705919361	0.615368421322904	0.452779665583717	0.439779657550437	0.557992832517136	0.511934929125296	0.597512030963437	0.575352478801206	0.0125335354992844	0.561724472303168	0.576495435747372	0.438382360590577	0.616020515100392	0.439262852244787	0.596356131373085	0.428124440047588	0.0103970455453926	0.615170425958462	0.509783018576737	0.453518271818773	0.560882949761472	0.510447337669052	0.587103368282559	0.455021037550834	0.43672322555454	0.459360333451941	0.619625386879956	0.547584376477034	0.460261598471703	0.508938384200776	0.119371612970636	0.588240271361259
XT_D08-NFlex-R1-C	0.635292544244005	0.42702409179608	0	0.508398328727684	0.634503641988841	0.567558828061118	0.567067715519312	0.567802325036385	0.0075560154597125	0.532539304442209	0.507544635978017	0.480825733268802	0.591931200472305	0.474801097457031	0.635349075750692	0.632992289188063	0.426223929565724	0.59612332684863	0.634444251217263	0.479820842147368	0.53340557185193	0.479366491039729	0.633964765089354	0.0138726419447176	0.427200064264772	0.533158409320566	0.479151805105343	0.508558221257041	0.595047105830854	0.480163804685617	0.646374376866456	0.514906927650353	0.0755225061078676	0.576129315591356	0.524422900832443	0.6055349771161	0.501011694891767	0.502441120475799	0.438066945794178	0.626946449363595
XT_D07-NFlex-R1-C	0.540159810769181	0.454772360426874	0.508398328727684	0	0.618469790450965	0.527278849599901	0.526603500723111	0.527239468179628	0.508692559338716	0.596058147149627	0.0121955178116604	0.467106233648843	0.519024693614111	0.488435381891396	0.54061662093095	0.616101213982649	0.453813968817153	0.523077374645005	0.618362605593116	0.467034378476971	0.596332904313742	0.467968277144474	0.540089653848343	0.511456412636792	0.454611217628627	0.5963569054759	0.490119264122554	0.00788591614506788	0.521825979729556	0.491427959626061	0.636003156522686	0.139844583904933	0.512551117926325	0.536365677962618	0.595143804312502	0.529398444350446	0.487854272245928	0.498620685674953	0.471080349658017	0.539521151787858
XT_D10-NFlex-R1-C	0.756958735430581	0.576184447855844	0.634503641988841	0.618469790450965	0	0.587779124523973	0.593087032487651	0.588516914678024	0.634666904380984	0.599652244787301	0.61645604553752	0.600937879145225	0.684662201166719	0.640256125569276	0.757174429136243	0.0119633536034038	0.576173600452159	0.685269275609765	0.00871910043198063	0.600148773349014	0.600937963622807	0.600665671929062	0.759433702843502	0.63261307813012	0.576488274441712	0.598661484815272	0.646810497368438	0.617886571337907	0.684303771713497	0.648366318556727	0.111281564145279	0.6270657908997	0.647953455401691	0.600495015051251	0.597293185001868	0.688364852913554	0.626604078667602	0.659367822835304	0.631048005688384	0.758007649552123
XT_D05-NFlex-R1-C	0.649658064715154	0.454326546084792	0.567558828061118	0.527278849599901	0.587779124523973	0	0.0168508801431215	0.00816447669827517	0.567633145081729	0.543866986146541	0.526366097343404	0.515867609174714	0.612497251781618	0.566453222731514	0.649731446417788	0.587477028457689	0.454771592178707	0.614633647043162	0.588036658048227	0.51515904609101	0.544118900078888	0.516050392711972	0.649700167798137	0.568066917413717	0.45442695719025	0.543245921914124	0.566704775528676	0.526704682656076	0.61377506092428	0.566360891113028	0.601710553028727	0.5181706728864	0.57101858277113	0.0725214379521971	0.550799484725484	0.61266393308474	0.532114086879732	0.574539818777071	0.474873325552502	0.643416873076182
XT_D05-NFlex-R1-A	0.64755730425705	0.453530335117726	0.567067715519312	0.526603500723111	0.593087032487651	0.0168508801431215	0	0.0158491404188997	0.566671322271232	0.546640851468833	0.525038192550964	0.516059507163435	0.611928541457764	0.565423542535332	0.647206183471847	0.591802670045327	0.454934081115023	0.614143341069191	0.593198827718258	0.515080684480591	0.546203601882058	0.514994890648151	0.647046169568364	0.567362059488117	0.454615470716804	0.546548500160336	0.565699390874208	0.525801518796029	0.613267849323068	0.565356792016445	0.604965725584246	0.516756486438501	0.569436972834635	0.0706465514339494	0.553086328227618	0.61123896158467	0.530881229330853	0.573284640943649	0.470700591330704	0.640589029415856
XT_D05-NFlex-R1-B	0.650144334705179	0.454778668175826	0.567802325036385	0.527239468179628	0.588516914678024	0.00816447669827517	0.0158491404188997	0	0.567809351797478	0.544618742798664	0.526407276348551	0.516647410812625	0.612442326698785	0.567041191978554	0.650197613888157	0.588541729173407	0.454985062501681	0.614583372560889	0.589237476273818	0.515974237582382	0.544696413926686	0.516796108178407	0.650236908131121	0.56858637080895	0.454438782808315	0.544104606072221	0.567271910856136	0.526655257832124	0.613646327828695	0.56696901592581	0.60278243343483	0.51823995744281	0.571157096538953	0.0723097732887982	0.551517891750514	0.613293481773894	0.533087097097996	0.575227677946629	0.475876501093831	0.643891502168111
XT_D08-NFlex-R1-B	0.63576213225668	0.426395705919361	0.0075560154597125	0.508692559338716	0.634666904380984	0.567633145081729	0.566671322271232	0.567809351797478	0	0.532883410190411	0.507929689302341	0.47943994001439	0.592095088613866	0.474302997242164	0.635883395362405	0.633437339535529	0.426400120865764	0.596264226413468	0.634949653818224	0.478344979754495	0.53340818037582	0.477919072629468	0.634357819614918	0.0136187613243725	0.427073740862227	0.533492433888014	0.478381942022137	0.508510319257288	0.595028681933261	0.479176981805802	0.64638689607827	0.514609188097326	0.0737445894436911	0.575674553572452	0.524275062348729	0.605207432118709	0.499385710882132	0.501156266082424	0.436383674877718	0.626949390787612
XT_D02-NFlex-R1-B	0.691276894627247	0.615368421322904	0.532539304442209	0.596058147149627	0.599652244787301	0.543866986146541	0.546640851468833	0.544618742798664	0.532883410190411	0	0.595768657305211	0.587050337337535	0.687822480537005	0.602062461856846	0.691120839716443	0.599542805333853	0.615621481052016	0.689955559781259	0.601348668201873	0.586330276578799	0.00490453372236583	0.586935841692095	0.691626383113955	0.533079071310763	0.615464408609695	0.00684063504489908	0.603371458783958	0.595859626054922	0.688979178300972	0.604503040884169	0.629836734584229	0.6084986402184	0.54530355444999	0.555843737854453	0.0606928384801298	0.709971807768389	0.618901982300634	0.61608806157146	0.627377269895554	0.686464107030875
XT_D07-NFlex-R1-B	0.538530551520117	0.452779665583717	0.507544635978017	0.0121955178116604	0.61645604553752	0.526366097343404	0.525038192550964	0.526407276348551	0.507929689302341	0.595768657305211	0	0.465903837890603	0.518233634541756	0.487276870033748	0.538648814551829	0.613847551090472	0.452354196248775	0.522238189119174	0.616153891889599	0.465751243740746	0.595702807918996	0.46592609538515	0.537964265572202	0.509813505025119	0.453181535820261	0.59639864344084	0.489589445422103	0.0127561143382646	0.520994160660471	0.491000809566047	0.632810624749522	0.132881343828822	0.511806789925995	0.534269245823186	0.594585151968461	0.527218018247209	0.485722037516345	0.497318468749923	0.468877866005938	0.536895134869335
XT_D09-NFlex-R1-B	0.521255637703737	0.439779657550437	0.480825733268802	0.467106233648843	0.600937879145225	0.515867609174714	0.516059507163435	0.516647410812625	0.47943994001439	0.587050337337535	0.465903837890603	0	0.534892455801939	0.501375947084782	0.521732793905548	0.600138134669488	0.437603307765152	0.538912871522017	0.602101200641286	0.00724393846834876	0.587243263504621	0.0107485510844913	0.519928000761638	0.483289676018516	0.43827098507064	0.58729672647215	0.49821841138164	0.466801224701895	0.537675515808729	0.498870479290997	0.61475905451066	0.447780624538296	0.480678060402786	0.515529846008803	0.582183551038484	0.531673019716456	0.105247509351884	0.50650128509004	0.430940669864171	0.509429156772854
XT_D03-NFlex-R1-C	0.515910449252689	0.557992832517136	0.591931200472305	0.519024693614111	0.684662201166719	0.612497251781618	0.611928541457764	0.612442326698785	0.592095088613866	0.687822480537005	0.518233634541756	0.534892455801939	0	0.539011773824137	0.516258801560942	0.685554413188818	0.554371852711828	0.0181664974494769	0.685140853705499	0.534019835270662	0.688269102866017	0.534448540695402	0.515948032753846	0.592199822771058	0.555415908607374	0.687931730882697	0.540389775741158	0.518917512946767	0.0138210179458915	0.541007609469277	0.689245463856248	0.510450147030517	0.589072100130104	0.615851077434794	0.686932721130595	0.162187834562981	0.544891795204046	0.543661647134304	0.544501198625643	0.522233257593189
XT_D01-NFlex-R1-A	0.590843183448461	0.511934929125296	0.474801097457031	0.488435381891396	0.640256125569276	0.566453222731514	0.565423542535332	0.567041191978554	0.474302997242164	0.602062461856846	0.487276870033748	0.501375947084782	0.539011773824137	0	0.59111411486675	0.637714612433784	0.511016732540719	0.543267038731624	0.639599502499222	0.499900485815041	0.601587736717674	0.499631534700612	0.589421886013019	0.478884238170515	0.511862226611284	0.60210062355999	0.0218847788730919	0.4883000602629	0.541654316780994	0.0235121900711595	0.649202721350574	0.487186106451012	0.456713420442076	0.563088075103682	0.594515247722664	0.528367614588312	0.509397608192661	0.0910859510591159	0.505701934840747	0.57866084024618
XT_D04-NFlex-R1-C	0.00651291341095426	0.597512030963437	0.635349075750692	0.54061662093095	0.757174429136243	0.649731446417788	0.647206183471847	0.650197613888157	0.635883395362405	0.691120839716443	0.538648814551829	0.521732793905548	0.516258801560942	0.59111411486675	0	0.754871182211896	0.595587601489826	0.518427021618861	0.756711989951329	0.52073414353985	0.691329414640386	0.520287949358681	0.0155434501187384	0.634455663168867	0.596060470162382	0.692036651761369	0.593851635102219	0.540013636339093	0.517619462728355	0.595244188376966	0.754318281665597	0.5216952519935	0.635233758218741	0.648066776868341	0.68680417899837	0.503568698116618	0.521588322686346	0.599075132736936	0.579568226093177	0.0860059698920875
XT_D10-NFlex-R1-A	0.754686528629357	0.575352478801206	0.632992289188063	0.616101213982649	0.0119633536034038	0.587477028457689	0.591802670045327	0.588541729173407	0.633437339535529	0.599542805333853	0.613847551090472	0.600138134669488	0.685554413188818	0.637714612433784	0.754871182211896	0	0.576377586869913	0.686613813770979	0.0095882683166738	0.599138671934425	0.600215854794291	0.599235439977647	0.756996680170842	0.631542851503225	0.576751227607693	0.599215865649139	0.644233671481992	0.615431624438982	0.685682242451025	0.645702663314576	0.107898186930521	0.624909060306021	0.646552678077172	0.599220659949686	0.597475975479455	0.686462162659983	0.624488323152878	0.656999870648814	0.63033099705175	0.755820651765948
XT_D06-NFlex-R1-B	0.595409032412509	0.0125335354992844	0.426223929565724	0.453813968817153	0.576173600452159	0.454771592178707	0.454934081115023	0.454985062501681	0.426400120865764	0.615621481052016	0.452354196248775	0.437603307765152	0.554371852711828	0.511016732540719	0.595587601489826	0.576377586869913	0	0.558152977084277	0.57668787526049	0.436542218786833	0.616233303079255	0.437815561199962	0.594758026142029	0.427585603492703	0.00849314431499728	0.614991305954636	0.509498811376799	0.45268914406269	0.557293165596374	0.510039300961075	0.588472663375656	0.453390630335375	0.436684313538567	0.460751417338002	0.620005505850044	0.544226877285102	0.462274141791983	0.507536378010789	0.118149805216743	0.586818521717746
XT_D03-NFlex-R1-B	0.5183070848484	0.561724472303168	0.59612332684863	0.523077374645005	0.685269275609765	0.614633647043162	0.614143341069191	0.614583372560889	0.596264226413468	0.689955559781259	0.522238189119174	0.538912871522017	0.0181664974494769	0.543267038731624	0.518427021618861	0.686613813770979	0.558152977084277	0	0.686412232181214	0.537997423582498	0.690233074175461	0.538469491017257	0.518570947381745	0.596389964674923	0.559228395007771	0.690046779240524	0.545774155560428	0.522841659557824	0.00961162068960181	0.546623646911919	0.690344897494922	0.515165801994959	0.593449274692472	0.617875493169165	0.688626980763577	0.156883746192512	0.549242554844078	0.548775054505349	0.548816992518709	0.524939593614594
XT_D10-NFlex-R1-B	0.756489484680417	0.576495435747372	0.634444251217263	0.618362605593116	0.00871910043198063	0.588036658048227	0.593198827718258	0.589237476273818	0.634949653818224	0.601348668201873	0.616153891889599	0.602101200641286	0.685140853705499	0.639599502499222	0.756711989951329	0.0095882683166738	0.57668787526049	0.686412232181214	0	0.601243179818309	0.602563777725221	0.601688260007002	0.758869393032976	0.632774821193243	0.577101803258857	0.600337850357003	0.646100915023988	0.617612852035428	0.685500273506728	0.647646504949424	0.107683724617482	0.626918247958613	0.64786575119989	0.600733309083002	0.598960470831004	0.687119388483739	0.626930827680855	0.658501446358844	0.631190497193175	0.757503250952989
XT_D09-NFlex-R1-C	0.520296888264822	0.438382360590577	0.479820842147368	0.467034378476971	0.600148773349014	0.51515904609101	0.515080684480591	0.515974237582382	0.478344979754495	0.586330276578799	0.465751243740746	0.00724393846834876	0.534019835270662	0.499900485815041	0.52073414353985	0.599138671934425	0.436542218786833	0.537997423582498	0.601243179818309	0	0.586493343489695	0.00864316141812554	0.518953168748611	0.482276856041736	0.437047318793234	0.586537871564626	0.496833850625713	0.466705128836599	0.536729165479256	0.497274388616817	0.613712766569353	0.447288892355486	0.479152872688839	0.514702671531499	0.581397928155165	0.530396251480349	0.10443728776481	0.504773340056839	0.429473470575408	0.508611275066977
XT_D02-NFlex-R1-A	0.691681572286549	0.616020515100392	0.53340557185193	0.596332904313742	0.600937963622807	0.544118900078888	0.546203601882058	0.544696413926686	0.53340818037582	0.00490453372236583	0.595702807918996	0.587243263504621	0.688269102866017	0.601587736717674	0.691329414640386	0.600215854794291	0.616233303079255	0.690233074175461	0.602563777725221	0.586493343489695	0	0.58682381142948	0.691704858260783	0.533322622430638	0.616146280313943	0.00700239373735636	0.603148520930896	0.596093775618938	0.689277840396477	0.603994351515494	0.629989332015497	0.608045180513869	0.545417396447583	0.555149986688001	0.0611236277435208	0.709670197996587	0.618289124189335	0.615582944607391	0.627286339775593	0.686119987619942
XT_D09-NFlex-R1-A	0.520182341494641	0.439262852244787	0.479366491039729	0.467968277144474	0.600665671929062	0.516050392711972	0.514994890648151	0.516796108178407	0.477919072629468	0.586935841692095	0.46592609538515	0.0107485510844913	0.534448540695402	0.499631534700612	0.520287949358681	0.599235439977647	0.437815561199962	0.538469491017257	0.601688260007002	0.00864316141812554	0.58682381142948	0	0.518452308127951	0.481873746840545	0.438656584604596	0.587564976178521	0.496485962546866	0.467509116011707	0.537192458192596	0.4969245168054	0.613024826005905	0.447231155801495	0.478840499525132	0.514284558530349	0.581679415271412	0.529744359007427	0.103359874543389	0.504338847777383	0.429405909847417	0.508197766376998
XT_D04-NFlex-R1-B	0.0162114640980545	0.596356131373085	0.633964765089354	0.540089653848343	0.759433702843502	0.649700167798137	0.647046169568364	0.650236908131121	0.634357819614918	0.691626383113955	0.537964265572202	0.519928000761638	0.515948032753846	0.589421886013019	0.0155434501187384	0.756996680170842	0.594758026142029	0.518570947381745	0.758869393032976	0.518953168748611	0.691704858260783	0.518452308127951	0	0.632975315536777	0.594944997899666	0.69252179778924	0.59202182973812	0.539548116234751	0.517743138900754	0.59344223556013	0.755915099087581	0.520740429848813	0.633377002113448	0.647811904732893	0.687068211199658	0.500436798812276	0.519255959396415	0.597336690035875	0.577815243029764	0.078798391733061
XT_D08-NFlex-R1-A	0.634362451615177	0.428124440047588	0.0138726419447176	0.511456412636792	0.63261307813012	0.568066917413717	0.567362059488117	0.56858637080895	0.0136187613243725	0.533079071310763	0.509813505025119	0.483289676018516	0.592199822771058	0.478884238170515	0.634455663168867	0.631542851503225	0.427585603492703	0.596389964674923	0.632774821193243	0.482276856041736	0.533322622430638	0.481873746840545	0.632975315536777	0	0.428340613186249	0.533617757832459	0.483942919456875	0.511653824028925	0.594891492429714	0.484851797789769	0.644444284284832	0.514241375639013	0.082472598750172	0.575942664277771	0.524008440876493	0.605394697599274	0.503768876700079	0.506481486127973	0.439408820426271	0.625527107098668
XT_D06-NFlex-R1-C	0.59588244764833	0.0103970455453926	0.427200064264772	0.454611217628627	0.576488274441712	0.45442695719025	0.454615470716804	0.454438782808315	0.427073740862227	0.615464408609695	0.453181535820261	0.43827098507064	0.555415908607374	0.511862226611284	0.596060470162382	0.576751227607693	0.00849314431499728	0.559228395007771	0.577101803258857	0.437047318793234	0.616146280313943	0.438656584604596	0.594944997899666	0.428340613186249	0	0.614834078001624	0.509796137551787	0.453697106874392	0.55834796646763	0.510076234378365	0.589163783250826	0.454494906195877	0.43758170883824	0.46064714741978	0.619891893116821	0.545718151170366	0.460250976785592	0.508270190655077	0.117056507224934	0.587066627867571
XT_D02-NFlex-R1-C	0.692028637445678	0.615170425958462	0.533158409320566	0.5963569054759	0.598661484815272	0.543245921914124	0.546548500160336	0.544104606072221	0.533492433888014	0.00684063504489908	0.59639864344084	0.58729672647215	0.687931730882697	0.60210062355999	0.692036651761369	0.599215865649139	0.614991305954636	0.690046779240524	0.600337850357003	0.586537871564626	0.00700239373735636	0.587564976178521	0.69252179778924	0.533617757832459	0.614834078001624	0	0.603452930882592	0.596077939542518	0.689111645091479	0.604582988916278	0.629520898140232	0.609292866203309	0.545802851535301	0.555533240164871	0.0613342091809989	0.710458786899037	0.619508668740479	0.615978214519744	0.627128856041131	0.687336000160936
XT_D01-NFlex-R1-C	0.593541809710098	0.509783018576737	0.479151805105343	0.490119264122554	0.646810497368438	0.566704775528676	0.565699390874208	0.567271910856136	0.478381942022137	0.603371458783958	0.489589445422103	0.49821841138164	0.540389775741158	0.0218847788730919	0.593851635102219	0.644233671481992	0.509498811376799	0.545774155560428	0.646100915023988	0.496833850625713	0.603148520930896	0.496485962546866	0.59202182973812	0.483942919456875	0.509796137551787	0.603452930882592	0	0.490267681646844	0.543927306140632	0.00733868585494255	0.656850446924924	0.489397134097815	0.459638783755493	0.563263395857278	0.596377575464083	0.530176723167936	0.505608150305745	0.0890241286580874	0.50360762042587	0.581382517866252
XT_D07-NFlex-R1-A	0.539578630393849	0.453518271818773	0.508558221257041	0.00788591614506788	0.617886571337907	0.526704682656076	0.525801518796029	0.526655257832124	0.508510319257288	0.595859626054922	0.0127561143382646	0.466801224701895	0.518917512946767	0.4883000602629	0.540013636339093	0.615431624438982	0.45268914406269	0.522841659557824	0.617612852035428	0.466705128836599	0.596093775618938	0.467509116011707	0.539548116234751	0.511653824028925	0.453697106874392	0.596077939542518	0.490267681646844	0	0.521627312901722	0.491606216553957	0.635311651848149	0.140667443872298	0.512305533593106	0.5355991586665	0.595099613968219	0.5290489632597	0.488431794768467	0.49864048942839	0.470085765326372	0.539160631723733
XT_D03-NFlex-R1-A	0.517418101178847	0.560882949761472	0.595047105830854	0.521825979729556	0.684303771713497	0.61377506092428	0.613267849323068	0.613646327828695	0.595028681933261	0.688979178300972	0.520994160660471	0.537675515808729	0.0138210179458915	0.541654316780994	0.517619462728355	0.685682242451025	0.557293165596374	0.00961162068960181	0.685500273506728	0.536729165479256	0.689277840396477	0.537192458192596	0.517743138900754	0.594891492429714	0.55834796646763	0.689111645091479	0.543927306140632	0.521627312901722	0	0.544747259171373	0.689845935763021	0.513872448350909	0.592141727905017	0.617007561564525	0.687698807464453	0.160401246703166	0.547976386714777	0.547209813287053	0.547836696327685	0.52402793022862
XT_D01-NFlex-R1-B	0.595003058184363	0.510447337669052	0.480163804685617	0.491427959626061	0.648366318556727	0.566360891113028	0.565356792016445	0.56696901592581	0.479176981805802	0.604503040884169	0.491000809566047	0.498870479290997	0.541007609469277	0.0235121900711595	0.595244188376966	0.645702663314576	0.510039300961075	0.546623646911919	0.647646504949424	0.497274388616817	0.603994351515494	0.4969245168054	0.59344223556013	0.484851797789769	0.510076234378365	0.604582988916278	0.00733868585494255	0.491606216553957	0.544747259171373	0	0.657562320319721	0.489667317509504	0.460393655214122	0.562569137368633	0.596733503857691	0.530313099632446	0.505356101703914	0.0904003948876978	0.503683527315653	0.582251227578713
Flex_D10-NF-R1	0.754548177819345	0.587103368282559	0.646374376866456	0.636003156522686	0.111281564145279	0.601710553028727	0.604965725584246	0.60278243343483	0.64638689607827	0.629836734584229	0.632810624749522	0.61475905451066	0.689245463856248	0.649202721350574	0.754318281665597	0.107898186930521	0.588472663375656	0.690344897494922	0.107683724617482	0.613712766569353	0.629989332015497	0.613024826005905	0.755915099087581	0.644444284284832	0.589163783250826	0.629520898140232	0.656850446924924	0.635311651848149	0.689845935763021	0.657562320319721	0	0.615723686485881	0.652470123161194	0.608946154681647	0.62327172683314	0.67667621765528	0.625896443034413	0.657268230094519	0.621982683404169	0.749012662891524
Flex_D07-NF-R1	0.521284725643858	0.455021037550834	0.514906927650353	0.139844583904933	0.6270657908997	0.5181706728864	0.516756486438501	0.51823995744281	0.514609188097326	0.6084986402184	0.132881343828822	0.447780624538296	0.510450147030517	0.487186106451012	0.5216952519935	0.624909060306021	0.453390630335375	0.515165801994959	0.626918247958613	0.447288892355486	0.608045180513869	0.447231155801495	0.520740429848813	0.514241375639013	0.454494906195877	0.609292866203309	0.489397134097815	0.140667443872298	0.513872448350909	0.489667317509504	0.615723686485881	0	0.511154005010946	0.517526095772896	0.597108439696205	0.496492771233094	0.454386721145003	0.479313352904834	0.447343537869435	0.513263911655938
Flex_D08-NF-R1	0.635211218876087	0.43672322555454	0.0755225061078676	0.512551117926325	0.647953455401691	0.57101858277113	0.569436972834635	0.571157096538953	0.0737445894436911	0.54530355444999	0.511806789925995	0.480678060402786	0.589072100130104	0.456713420442076	0.635233758218741	0.646552678077172	0.436684313538567	0.593449274692472	0.64786575119989	0.479152872688839	0.545417396447583	0.478840499525132	0.633377002113448	0.082472598750172	0.43758170883824	0.545802851535301	0.459638783755493	0.512305533593106	0.592141727905017	0.460393655214122	0.652470123161194	0.511154005010946	0	0.574134779892705	0.532781479687139	0.596425650087869	0.484260367166365	0.474236580447538	0.435264505872914	0.62369477985605
Flex_D05-NF-R1	0.648233671817713	0.459360333451941	0.576129315591356	0.536365677962618	0.600495015051251	0.0725214379521971	0.0706465514339494	0.0723097732887982	0.575674553572452	0.555843737854453	0.534269245823186	0.515529846008803	0.615851077434794	0.563088075103682	0.648066776868341	0.599220659949686	0.460751417338002	0.617875493169165	0.600733309083002	0.514702671531499	0.555149986688001	0.514284558530349	0.647811904732893	0.575942664277771	0.46064714741978	0.555533240164871	0.563263395857278	0.5355991586665	0.617007561564525	0.562569137368633	0.608946154681647	0.517526095772896	0.574134779892705	0	0.558252199200681	0.607159316128959	0.526347005968769	0.566122205926007	0.475462416881785	0.636548003714429
Flex_D02-NF-R1	0.687070835633761	0.619625386879956	0.524422900832443	0.595143804312502	0.597293185001868	0.550799484725484	0.553086328227618	0.551517891750514	0.524275062348729	0.0606928384801298	0.594585151968461	0.582183551038484	0.686932721130595	0.594515247722664	0.68680417899837	0.597475975479455	0.620005505850044	0.688626980763577	0.598960470831004	0.581397928155165	0.0611236277435208	0.581679415271412	0.687068211199658	0.524008440876493	0.619891893116821	0.0613342091809989	0.596377575464083	0.595099613968219	0.687698807464453	0.596733503857691	0.62327172683314	0.597108439696205	0.532781479687139	0.558252199200681	0	0.703447916826836	0.610694123065902	0.606654831272432	0.62867952704549	0.678892497560663
Flex_D03-NF-R1	0.503028551571153	0.547584376477034	0.6055349771161	0.529398444350446	0.688364852913554	0.61266393308474	0.61123896158467	0.613293481773894	0.605207432118709	0.709971807768389	0.527218018247209	0.531673019716456	0.162187834562981	0.528367614588312	0.503568698116618	0.686462162659983	0.544226877285102	0.156883746192512	0.687119388483739	0.530396251480349	0.709670197996587	0.529744359007427	0.500436798812276	0.605394697599274	0.545718151170366	0.710458786899037	0.530176723167936	0.5290489632597	0.160401246703166	0.530313099632446	0.67667621765528	0.496492771233094	0.596425650087869	0.607159316128959	0.703447916826836	0	0.534937865211511	0.521493516504283	0.524574954915368	0.50085758340915
Flex_D09-NF-R1	0.521258090301985	0.460261598471703	0.501011694891767	0.487854272245928	0.626604078667602	0.532114086879732	0.530881229330853	0.533087097097996	0.499385710882132	0.618901982300634	0.485722037516345	0.105247509351884	0.544891795204046	0.509397608192661	0.521588322686346	0.624488323152878	0.462274141791983	0.549242554844078	0.626930827680855	0.10443728776481	0.618289124189335	0.103359874543389	0.519255959396415	0.503768876700079	0.460250976785592	0.619508668740479	0.505608150305745	0.488431794768467	0.547976386714777	0.505356101703914	0.625896443034413	0.454386721145003	0.484260367166365	0.526347005968769	0.610694123065902	0.534937865211511	0	0.505504313409944	0.426227653314635	0.503801298673057
Flex_D01-NF-R1	0.598745132155062	0.508938384200776	0.502441120475799	0.498620685674953	0.659367822835304	0.574539818777071	0.573284640943649	0.575227677946629	0.501156266082424	0.61608806157146	0.497318468749923	0.50650128509004	0.543661647134304	0.0910859510591159	0.599075132736936	0.656999870648814	0.507536378010789	0.548775054505349	0.658501446358844	0.504773340056839	0.615582944607391	0.504338847777383	0.597336690035875	0.506481486127973	0.508270190655077	0.615978214519744	0.0890241286580874	0.49864048942839	0.547209813287053	0.0904003948876978	0.657268230094519	0.479313352904834	0.474236580447538	0.566122205926007	0.606654831272432	0.521493516504283	0.505504313409944	0	0.494216459631275	0.583597108842873
Flex_D06-NF-R1	0.579520392586781	0.119371612970636	0.438066945794178	0.471080349658017	0.631048005688384	0.474873325552502	0.470700591330704	0.475876501093831	0.436383674877718	0.627377269895554	0.468877866005938	0.430940669864171	0.544501198625643	0.505701934840747	0.579568226093177	0.63033099705175	0.118149805216743	0.548816992518709	0.631190497193175	0.429473470575408	0.627286339775593	0.429405909847417	0.577815243029764	0.439408820426271	0.117056507224934	0.627128856041131	0.50360762042587	0.470085765326372	0.547836696327685	0.503683527315653	0.621982683404169	0.447343537869435	0.435264505872914	0.475462416881785	0.62867952704549	0.524574954915368	0.426227653314635	0.494216459631275	0	0.566162534072789
Flex_D04-NF-R1	0.0858150916238019	0.588240271361259	0.626946449363595	0.539521151787858	0.758007649552123	0.643416873076182	0.640589029415856	0.643891502168111	0.626949390787612	0.686464107030875	0.536895134869335	0.509429156772854	0.522233257593189	0.57866084024618	0.0860059698920875	0.755820651765948	0.586818521717746	0.524939593614594	0.757503250952989	0.508611275066977	0.686119987619942	0.508197766376998	0.078798391733061	0.625527107098668	0.587066627867571	0.687336000160936	0.581382517866252	0.539160631723733	0.52402793022862	0.582251227578713	0.749012662891524	0.513263911655938	0.62369477985605	0.636548003714429	0.678892497560663	0.50085758340915	0.503801298673057	0.583597108842873	0.566162534072789	0
