XT_D04-NFlex-R1-A	XT_D06-NFlex-R1-A	XT_D08-NFlex-R1-C	XT_D07-NFlex-R1-C	XT_D10-NFlex-R1-C	XT_D05-NFlex-R1-C	XT_D05-NFlex-R1-A	XT_D05-NFlex-R1-B	XT_D08-NFlex-R1-B	XT_D02-NFlex-R1-B	XT_D07-NFlex-R1-B	XT_D09-NFlex-R1-B	XT_D03-NFlex-R1-C	XT_D01-NFlex-R1-A	XT_D04-NFlex-R1-C	XT_D10-NFlex-R1-A	XT_D06-NFlex-R1-B	XT_D03-NFlex-R1-B	XT_D10-NFlex-R1-B	XT_D09-NFlex-R1-C	XT_D02-NFlex-R1-A	XT_D09-NFlex-R1-A	XT_D04-NFlex-R1-B	XT_D08-NFlex-R1-A	XT_D06-NFlex-R1-C	XT_D02-NFlex-R1-C	XT_D01-NFlex-R1-C	XT_D07-NFlex-R1-A	XT_D03-NFlex-R1-A	XT_D01-NFlex-R1-B	Flex_D10-NF-R1	Flex_D07-NF-R1	Flex_D08-NF-R1	Flex_D05-NF-R1	Flex_D02-NF-R1	Flex_D03-NF-R1	Flex_D09-NF-R1	Flex_D01-NF-R1	Flex_D06-NF-R1	Flex_D04-NF-R1
XT_D04-NFlex-R1-A	0	0.228374534303183	0.359664371967134	0.192132979894616	0.419575423202969	0.372162992009056	0.368751423703885	0.37328304604888	0.359212540652275	0.440944747538529	0.189865626229579	0.229598485910361	0.30828608982611	0.204314363684277	0.00127857433552557	0.414998981683948	0.224760013020393	0.311496858915552	0.416887257425592	0.228949426376377	0.441723836364236	0.229152083749814	0.00723072209906181	0.361794976036189	0.225426555089721	0.442717274064762	0.206907587161747	0.190623688331456	0.311233319904009	0.208041007312203	0.36143963355285	0.154145609606019	0.333844577548087	0.327822116691367	0.410635207483771	0.226771708558191	0.188209421181408	0.169170408892844	0.159191446004814	0.0307507540452013
XT_D06-NFlex-R1-A	0.228374534303183	0	0.13614656856444	0.0977856457033125	0.208095827038668	0.16457284048345	0.16261510545126	0.165140108828841	0.135825204631439	0.217597138806862	0.0998529644622719	0.0674507637148085	0.136913244526958	0.108607377180349	0.22821575101476	0.203098078641684	0.00499417787664569	0.145245155965805	0.205457271923322	0.0668535820098983	0.218126004759589	0.0654008289311246	0.227430047871285	0.139057441669539	0.00372724228857416	0.219799934733576	0.105895357740135	0.0991148355407182	0.142489500860646	0.10549220567156	0.151339349074155	0.129797254222875	0.111510457274752	0.12080270702106	0.187708302861232	0.210464829584641	0.10392040733459	0.150767931649786	0.0868088277013242	0.23747087803949
XT_D08-NFlex-R1-C	0.359664371967134	0.13614656856444	0	0.184414315007883	0.0848612003588521	0.106218045062258	0.108698667970045	0.106152293531433	0.000891943342461996	0.0913119549187135	0.186441695088165	0.172553010267572	0.163079664189261	0.19465583763178	0.359585455858028	0.0800136023123931	0.14021045977048	0.167880765442039	0.0823228762211574	0.172884331769416	0.09147099714999	0.172189665249204	0.358815143132156	0.00361137194693303	0.139593730934259	0.0936144166913753	0.192274395388964	0.185733379409115	0.165429165266557	0.191711384582045	0.097781338217729	0.23385985809728	0.0367006420218136	0.114155787282814	0.0574218277685563	0.304735749742516	0.2290647033249	0.245820128406914	0.22069498319085	0.368275473521178
XT_D07-NFlex-R1-C	0.192132979894616	0.0977856457033125	0.184414315007883	0	0.261924001058813	0.24908381779482	0.247385489091035	0.249461389327249	0.184073088830754	0.262734032244119	0.00365762711746127	0.100326955947897	0.154976474321851	0.0348355736917907	0.192103106244898	0.257246594879203	0.0948331713470627	0.158247220292416	0.259336003537032	0.099859091357649	0.263283134283102	0.0999804609790651	0.191492881358016	0.186505021280476	0.0962494165894905	0.264576790956634	0.0350477012509239	0.00284990481311784	0.15797349900449	0.0352282610729273	0.203497096688272	0.0543963983396667	0.159536956141935	0.203462471356577	0.230794597006386	0.202605893981838	0.122090675470497	0.0776077730039663	0.0973578810756587	0.20156418207367
XT_D10-NFlex-R1-C	0.419575423202969	0.208095827038668	0.0848612003588521	0.261924001058813	0	0.11241292128167	0.115721904848808	0.111817809194548	0.0850027967924922	0.0773954790958191	0.265181630086957	0.231477028596349	0.1956790486897	0.273816123842467	0.419956932562983	0.00684616684896448	0.211449326531906	0.201490385897378	0.00442499611589074	0.231877512232098	0.0781745127005437	0.232494080162996	0.418206232282872	0.082500326639314	0.210162624925693	0.0791281237763116	0.271504300860172	0.263372851893431	0.198169633926785	0.271011338466295	0.0941049273678139	0.313350291158663	0.11395945652417	0.157824235302174	0.0771846275069584	0.323843523668574	0.291210388671451	0.325329573211905	0.282712152240214	0.42577369638093
XT_D05-NFlex-R1-C	0.372162992009056	0.16457284048345	0.106218045062258	0.24908381779482	0.11241292128167	0	0.00659681202557619	0.00179237901525923	0.106835984812148	0.124151439261891	0.251431042511883	0.188973974912233	0.223910513574492	0.253779877753278	0.372384461763296	0.11293457039415	0.166423744578761	0.229181741363817	0.112344746764788	0.188943084425402	0.124761994851035	0.188640261968826	0.370853846015421	0.107348940618317	0.165587634065667	0.123890481051754	0.250967863023858	0.250323468267672	0.226530079163749	0.250584319570699	0.159356359838317	0.281625477101279	0.106779562350714	0.057967264523285	0.120566482118298	0.358494700026913	0.226943022466674	0.295998815307799	0.228084211578473	0.377730759948152
XT_D05-NFlex-R1-A	0.368751423703885	0.16261510545126	0.108698667970045	0.247385489091035	0.115721904848808	0.00659681202557619	0	0.00782928560565362	0.10930586191624	0.127380728224205	0.24894371904553	0.18749524337553	0.222621791011813	0.251301556336538	0.368642719571695	0.115422133243507	0.16565752898764	0.22792302990676	0.115622359111903	0.187354452452238	0.127602249338157	0.186092072091353	0.36694203489558	0.109909620741603	0.164821418474546	0.127580045818566	0.248628191155645	0.248575014228583	0.225281800499611	0.248086110729703	0.156538146300101	0.279358410836517	0.104512503493268	0.0541350378609351	0.123446436221679	0.356046086720096	0.224104507648201	0.293390554970029	0.222831129423405	0.373229030621201
XT_D05-NFlex-R1-B	0.37328304604888	0.165140108828841	0.106152293531433	0.249461389327249	0.111817809194548	0.00179237901525923	0.00782928560565362	0	0.106750238285956	0.124195595729356	0.251808597535511	0.189592157935293	0.223858518441945	0.254398162564142	0.373524522805451	0.113109586676534	0.166992250103533	0.229159750330447	0.112499765449916	0.189561266347609	0.12480617853464	0.1892584436908	0.371963899056156	0.107263191090324	0.16602616340275	0.123934656131315	0.251545675835514	0.250701043701233	0.226518521223428	0.251192623498885	0.159954455890574	0.282062945840802	0.107237038292054	0.0585475692788488	0.120541151339005	0.359153218630408	0.227661357700462	0.296436989054978	0.229304992122644	0.378820841818288
XT_D08-NFlex-R1-B	0.359212540652275	0.135825204631439	0.000891943342461996	0.184073088830754	0.0850027967924922	0.106835984812148	0.10930586191624	0.106750238285956	0	0.0916146544871555	0.186120066549325	0.172100809204882	0.163027496324155	0.194673993093303	0.359133624543169	0.0801652187530412	0.13989909083542	0.167848605179191	0.0824744920616133	0.172432131307056	0.0915038419869557	0.171717781126889	0.358363313017776	0.00371332683608792	0.139262370803162	0.0939271038540353	0.192272531043812	0.185382151731697	0.165387011707232	0.191439645697572	0.097570093428473	0.233538539077283	0.0359882773037799	0.114353405922543	0.0578541348746956	0.304393588391354	0.228312511877732	0.245538381819296	0.219953302547978	0.367543767467366
XT_D02-NFlex-R1-B	0.440944747538529	0.217597138806862	0.0913119549187135	0.262734032244119	0.0773954790958191	0.124151439261891	0.127380728224205	0.124195595729356	0.0916146544871555	0	0.265481738116724	0.25668375638038	0.245469982100684	0.272515624904466	0.44083582022527	0.0800402778814467	0.22140092698182	0.250331095355773	0.0798997695223398	0.256995055571517	0.000930496955345173	0.256730582010093	0.440205568124429	0.0891107575918345	0.220804148927762	0.00240276990342453	0.26996399279856	0.264092823665396	0.247829565913183	0.269691134638174	0.167039529091267	0.313080227744005	0.1265626790301	0.172152803395912	0.0388024352492356	0.387705981074982	0.31434574731144	0.323669840951355	0.303705827881185	0.450246133990876
XT_D07-NFlex-R1-B	0.189865626229579	0.0998529644622719	0.186441695088165	0.00365762711746127	0.265181630086957	0.251431042511883	0.24894371904553	0.251808597535511	0.186120066549325	0.265481738116724	0	0.103134307393643	0.157703962318703	0.0344253073150456	0.18978670511642	0.260164227918746	0.0975405809185796	0.160994703586542	0.262523649973638	0.102676432797138	0.265570650901354	0.101948073172779	0.189056274920878	0.188532411063964	0.0989868277607194	0.267714409285059	0.0348776029272446	0.00254226162230275	0.160720985500122	0.034788012802933	0.205884604099477	0.0508387957274315	0.161944469555794	0.204949588160951	0.232671983393049	0.202085695330212	0.121209265566945	0.0747403614346716	0.0968276128015556	0.198446725197696
XT_D09-NFlex-R1-B	0.229598485910361	0.0674507637148085	0.172553010267572	0.100326955947897	0.231477028596349	0.188973974912233	0.18749524337553	0.189592157935293	0.172100809204882	0.25668375638038	0.103134307393643	0	0.119587849895095	0.115860230477015	0.229839403903278	0.22683003538933	0.0658994574771954	0.122968629875115	0.228748970056513	0.00125972395319107	0.257422895626684	0.00300022290752534	0.227928631192009	0.174914062543995	0.0663798683093828	0.258446166356137	0.113447705845408	0.101676395257488	0.122365161811445	0.11291455847735	0.175380478649191	0.134028570810321	0.142643528398832	0.142662393714067	0.226664138981838	0.20128049713359	0.0698859319274657	0.158408306166806	0.102907578118297	0.236808905129437
XT_D03-NFlex-R1-C	0.30828608982611	0.136913244526958	0.163079664189261	0.154976474321851	0.1956790486897	0.223910513574492	0.222621791011813	0.223858518441945	0.163027496324155	0.245469982100684	0.157703962318703	0.119587849895095	0	0.156937131105845	0.308667621103874	0.193683085561216	0.135002399294612	0.0103423787471118	0.193932636611236	0.119988310718353	0.246089109546825	0.120614908363996	0.30693693563125	0.165430734671815	0.135662781908349	0.247252382871618	0.155454871643883	0.15621556343199	0.00700772990150214	0.155101720265504	0.13835231903796	0.205262155134097	0.135811236584414	0.177719683366859	0.212849584174128	0.146397136376926	0.179451273792973	0.208508454898993	0.174634241909325	0.314254233890612
XT_D01-NFlex-R1-A	0.204314363684277	0.108607377180349	0.19465583763178	0.0348355736917907	0.273816123842467	0.253779877753278	0.251301556336538	0.254398162564142	0.194673993093303	0.272515624904466	0.0344253073150456	0.115860230477015	0.156937131105845	0	0.204345485193597	0.26893855920941	0.106344966225782	0.160828012706485	0.271257852524094	0.115172538898499	0.272664576103135	0.114273621520633	0.203565197082193	0.196666759575466	0.107741223673251	0.274748183923239	0.00422358115406091	0.0347360711381198	0.160204143165007	0.00509683135634826	0.218099719668127	0.0720088107404779	0.16997873535157	0.206750075800148	0.238544782951535	0.202388529624554	0.130691861916687	0.053012247226789	0.0948675042192504	0.212815157400812
XT_D04-NFlex-R1-C	0.00127857433552557	0.22821575101476	0.359585455858028	0.192103106244898	0.419956932562983	0.372384461763296	0.368642719571695	0.373524522805451	0.359133624543169	0.44083582022527	0.18978670511642	0.229839403903278	0.308667621103874	0.204345485193597	0	0.415050158767087	0.224941409221567	0.311878369780152	0.417288599692515	0.229080439529945	0.441614909050976	0.229063466883958	0.00631252501000401	0.361746083140963	0.225607951290895	0.442727735248697	0.206938712672506	0.190544767218298	0.311624827966794	0.208072153835779	0.361480963523348	0.154166956193254	0.333755775733181	0.327743428767263	0.410536291977706	0.226853119790123	0.188020671625222	0.169131596761383	0.158810401398462	0.0300117934074818
XT_D10-NFlex-R1-A	0.414998981683948	0.203098078641684	0.0800136023123931	0.257246594879203	0.00684616684896448	0.11293457039415	0.115422133243507	0.113109586676534	0.0801652187530412	0.0800402778814467	0.260164227918746	0.22683003538933	0.193683085561216	0.26893855920941	0.415050158767087	0	0.207261766976232	0.199934523992157	0.00266051399663579	0.227130613984894	0.0808293059837175	0.227296609775387	0.41316945479371	0.0776727343943515	0.206115039556725	0.0821432752914239	0.266616747031432	0.258605359192579	0.196673673872428	0.266123783837239	0.0888595212457885	0.308282890092536	0.109091876084942	0.152836727193749	0.075211651674522	0.319983592593494	0.285982914483862	0.320392019984933	0.277704409245481	0.42061611413629
XT_D06-NFlex-R1-B	0.224760013020393	0.00499417787664569	0.14021045977048	0.0948331713470627	0.211449326531906	0.166423744578761	0.16565752898764	0.166992250103533	0.13989909083542	0.22140092698182	0.0975405809185796	0.0658994574771954	0.135002399294612	0.106344966225782	0.224941409221567	0.207261766976232	0	0.14332431033361	0.208830922966144	0.0654221674036426	0.222189994198956	0.0648301137004217	0.22419378145129	0.143141341978037	0.0019065505343466	0.223163497228173	0.10362278352732	0.0962325043245	0.140578655428231	0.103299780809784	0.155873137731711	0.12740480715889	0.115584069483308	0.123855131957628	0.191842207569875	0.207571938184187	0.100696523205678	0.148514390264127	0.083845092116581	0.234517157859696
XT_D03-NFlex-R1-B	0.311496858915552	0.145245155965805	0.167880765442039	0.158247220292416	0.201490385897378	0.229181741363817	0.22792302990676	0.229159750330447	0.167848605179191	0.250331095355773	0.160994703586542	0.122968629875115	0.0103423787471118	0.160828012706485	0.311878369780152	0.199934523992157	0.14332431033361	0	0.200184075242241	0.123478605138649	0.250930217000459	0.124285424894322	0.310157700216628	0.170251835523811	0.14396469134752	0.252083495227748	0.15936576454793	0.159506293296349	0.00443485418329546	0.15900261146922	0.144093637140619	0.208582917509149	0.140602338537864	0.183040907248352	0.217640688528778	0.141936115143339	0.182812046770757	0.212409373717019	0.178295080401548	0.317514992569634
XT_D10-NFlex-R1-B	0.416887257425592	0.205457271923322	0.0823228762211574	0.259336003537032	0.00442499611589074	0.112344746764788	0.115622359111903	0.112499765449916	0.0824744920616133	0.0798997695223398	0.262523649973638	0.228748970056513	0.193932636611236	0.271257852524094	0.417288599692515	0.00266051399663579	0.208830922966144	0.200184075242241	0	0.229159450289691	0.0806887980247506	0.22979603142646	0.415567911417205	0.0799719957993699	0.207674193346179	0.0816524187038075	0.26893604354716	0.260734888384417	0.196943274237685	0.268443080052862	0.0899101140088746	0.310642324151461	0.111381148593816	0.155216083428992	0.0772502047573648	0.321023175932453	0.288482334734559	0.322691323403619	0.280053607128905	0.42307555101929
XT_D09-NFlex-R1-C	0.228949426376377	0.0668535820098983	0.172884331769416	0.099859091357649	0.231877512232098	0.188943084425402	0.187354452452238	0.189561266347609	0.172432131307056	0.256995055571517	0.102676432797138	0.00125972395319107	0.119988310718353	0.115172538898499	0.229080439529945	0.227130613984894	0.0654221674036426	0.123478605138649	0.229159450289691	0	0.257734194617745	0.00223183715405345	0.227169668619666	0.175245383745674	0.0658925882420867	0.258747463146644	0.112760014567057	0.101208531267571	0.122755620334138	0.112226866898833	0.175880812995356	0.133560698815561	0.142904332221036	0.142521589682466	0.226975422464404	0.200771912250419	0.0693356281019266	0.157730589673824	0.101748137413332	0.235949529237493
XT_D02-NFlex-R1-A	0.441723836364236	0.218126004759589	0.09147099714999	0.263283134283102	0.0781745127005437	0.124761994851035	0.127602249338157	0.12480617853464	0.0915038419869557	0.000930496955345173	0.265570650901354	0.257422895626684	0.246089109546825	0.272664576103135	0.441614909050976	0.0808293059837175	0.222189994198956	0.250930217000459	0.0806887980247506	0.257734194617745	0	0.257009853143236	0.440984656950136	0.088949773123487	0.221583214444609	0.00263365181999066	0.270353134058229	0.264631925104395	0.248428688758295	0.269500102252775	0.167078437074894	0.312899157543854	0.126421703564603	0.172011807022366	0.0386515373133262	0.387554896868423	0.314324708717531	0.323508821670827	0.303744674041327	0.450255010963806
XT_D09-NFlex-R1-A	0.229152083749814	0.0654008289311246	0.172189665249204	0.0999804609790651	0.232494080162996	0.188640261968826	0.186092072091353	0.1892584436908	0.171717781126889	0.256730582010093	0.101948073172779	0.00300022290752534	0.120614908363996	0.114273621520633	0.229063466883958	0.227296609775387	0.0648301137004217	0.124285424894322	0.22979603142646	0.00223183715405345	0.257009853143236	0	0.227002634748997	0.174531034165843	0.0652705225339979	0.258953248976808	0.112111274244886	0.10127975984902	0.123541669313327	0.111298294370685	0.175847541549388	0.132862339689756	0.14211028641816	0.141228418808032	0.226291098596621	0.200364098306543	0.0684088143589921	0.156832035453722	0.100360515954659	0.235042067533445
XT_D04-NFlex-R1-B	0.00723072209906181	0.227430047871285	0.358815143132156	0.191492881358016	0.418206232282872	0.370853846015421	0.36694203489558	0.371963899056156	0.358363313017776	0.440205568124429	0.189056274920878	0.227928631192009	0.30693693563125	0.203565197082193	0.00631252501000401	0.41316945479371	0.22419378145129	0.310157700216628	0.415567911417205	0.227169668619666	0.440984656950136	0.227002634748997	0	0.36094575801016	0.224870446663408	0.442247543171866	0.206158420559662	0.189943289866578	0.309894165707892	0.207291841710929	0.359580203219227	0.154637144268484	0.332265179494685	0.326032744493553	0.40990603467338	0.224882344483511	0.186430031968577	0.168271252623728	0.157359821166369	0.025980087076252
XT_D08-NFlex-R1-A	0.361794976036189	0.139057441669539	0.00361137194693303	0.186505021280476	0.082500326639314	0.107348940618317	0.109909620741603	0.107263191090324	0.00371332683608792	0.0891107575918345	0.188532411063964	0.174914062543995	0.165430734671815	0.196666759575466	0.361746083140963	0.0776727343943515	0.143141341978037	0.170251835523811	0.0799719957993699	0.175245383745674	0.088949773123487	0.174531034165843	0.36094575801016	0	0.142504610541506	0.0914432175628937	0.194365073444754	0.187844075578202	0.167800238549485	0.193342356257969	0.097451693239838	0.235720937112151	0.0390216229704828	0.114406633847318	0.0550509937878257	0.306436697902433	0.230995667384255	0.2473609169195	0.22276581120302	0.370105916395723
XT_D06-NFlex-R1-C	0.225426555089721	0.00372724228857416	0.139593730934259	0.0962494165894905	0.210162624925693	0.165587634065667	0.164821418474546	0.16602616340275	0.139262370803162	0.220804148927762	0.0989868277607194	0.0663798683093828	0.135662781908349	0.107741223673251	0.225607951290895	0.206115039556725	0.0019065505343466	0.14396469134752	0.207674193346179	0.0658925882420867	0.221583214444609	0.0652705225339979	0.224870446663408	0.142504610541506	0	0.222566718773975	0.104949047179189	0.0976287588700656	0.141239037841874	0.104616045062331	0.154736412212551	0.129011120420063	0.115007470891565	0.12300901984428	0.191305494236542	0.209358449308143	0.101793404481671	0.149750655422743	0.0846618629613836	0.235223901798448
XT_D02-NFlex-R1-C	0.442717274064762	0.219799934733576	0.0936144166913753	0.264576790956634	0.0791281237763116	0.123890481051754	0.127580045818566	0.123934656131315	0.0939271038540353	0.00240276990342453	0.267714409285059	0.258446166356137	0.247252382871618	0.274748183923239	0.442727735248697	0.0821432752914239	0.223163497228173	0.252083495227748	0.0816524187038075	0.258747463146644	0.00263365181999066	0.258953248976808	0.442247543171866	0.0914432175628937	0.222566718773975	0	0.272196552217541	0.2659857077131	0.249591981291353	0.271913686254365	0.169312284894864	0.315242842991107	0.12885513390013	0.174415288380706	0.0409946197996464	0.389938629733141	0.316588361854394	0.325902379761732	0.305828653022472	0.452468916708578
XT_D01-NFlex-R1-C	0.206907587161747	0.105895357740135	0.192274395388964	0.0350477012509239	0.271504300860172	0.250967863023858	0.248628191155645	0.251545675835514	0.192272531043812	0.26996399279856	0.0348776029272446	0.113447705845408	0.155454871643883	0.00422358115406091	0.206938712672506	0.266616747031432	0.10362278352732	0.15936576454793	0.26893604354716	0.112760014567057	0.270353134058229	0.112111274244886	0.206158420559662	0.194365073444754	0.104949047179189	0.272196552217541	0	0.0349282030988894	0.158881776355271	0.00151356099643888	0.215838132469111	0.0748324246511451	0.167797075723896	0.204537521512887	0.236193268281656	0.203337307454289	0.130840872356433	0.0545547866587992	0.094896663715932	0.215648558134407
XT_D07-NFlex-R1-A	0.190623688331456	0.0991148355407182	0.185733379409115	0.00284990481311784	0.263372851893431	0.250323468267672	0.248575014228583	0.250701043701233	0.185382151731697	0.264092823665396	0.00254226162230275	0.101676395257488	0.15621556343199	0.0347360711381198	0.190544767218298	0.258605359192579	0.0962325043245	0.159506293296349	0.260734888384417	0.101208531267571	0.264631925104395	0.10127975984902	0.189943289866578	0.187844075578202	0.0976287588700656	0.2659857077131	0.0349282030988894	0	0.159232580411489	0.0350987613206528	0.204895844693539	0.0527371676972923	0.160985827484418	0.20465199799456	0.232023562480965	0.202406189871491	0.123111919209869	0.0748981654744127	0.0972784057294614	0.200004760073726
XT_D03-NFlex-R1-A	0.311233319904009	0.142489500860646	0.165429165266557	0.15797349900449	0.198169633926785	0.226530079163749	0.225281800499611	0.226518521223428	0.165387011707232	0.247829565913183	0.160720985500122	0.122365161811445	0.00700772990150214	0.160204143165007	0.311624827966794	0.196673673872428	0.140578655428231	0.00443485418329546	0.196943274237685	0.122755620334138	0.248428688758295	0.123541669313327	0.309894165707892	0.167800238549485	0.141239037841874	0.249591981291353	0.158881776355271	0.159232580411489	0	0.158448655393868	0.141283010800542	0.208299192120203	0.138110732461865	0.180029664752596	0.215119122070941	0.145407652344589	0.182208573304927	0.21195560001476	0.17793121845749	0.317221451253872
XT_D01-NFlex-R1-B	0.208041007312203	0.10549220567156	0.191711384582045	0.0352282610729273	0.271011338466295	0.250584319570699	0.248086110729703	0.251192623498885	0.191439645697572	0.269691134638174	0.034788012802933	0.11291455847735	0.155101720265504	0.00509683135634826	0.208072153835779	0.266123783837239	0.103299780809784	0.15900261146922	0.268443080052862	0.112226866898833	0.269500102252775	0.111298294370685	0.207291841710929	0.193342356257969	0.104616045062331	0.271913686254365	0.00151356099643888	0.0350987613206528	0.158448655393868	0	0.214795106972464	0.0753158163214274	0.166754027617933	0.203344230506669	0.235260286598309	0.203266942307072	0.130630566739909	0.0549677908728506	0.0947964323253018	0.216131896482829
Flex_D10-NF-R1	0.36143963355285	0.151339349074155	0.097781338217729	0.203497096688272	0.0941049273678139	0.159356359838317	0.156538146300101	0.159954455890574	0.097570093428473	0.167039529091267	0.205884604099477	0.175380478649191	0.13835231903796	0.218099719668127	0.361480963523348	0.0888595212457885	0.155873137731711	0.144093637140619	0.0899101140088746	0.175880812995356	0.167078437074894	0.175847541549388	0.359580203219227	0.097451693239838	0.154736412212551	0.169312284894864	0.215838132469111	0.204895844693539	0.141283010800542	0.214795106972464	0	0.251322777783334	0.0915986962021119	0.118889297688054	0.134389818593022	0.2596821387026	0.229552974121205	0.26746332321621	0.224105426745246	0.365027057390941
Flex_D07-NF-R1	0.154145609606019	0.129797254222875	0.23385985809728	0.0543963983396667	0.313350291158663	0.281625477101279	0.279358410836517	0.282062945840802	0.233538539077283	0.313080227744005	0.0508387957274315	0.134028570810321	0.205262155134097	0.0720088107404779	0.154166956193254	0.308282890092536	0.12740480715889	0.208582917509149	0.310642324151461	0.133560698815561	0.312899157543854	0.132862339689756	0.154637144268484	0.235720937112151	0.129011120420063	0.315242842991107	0.0748324246511451	0.0527371676972923	0.208299192120203	0.0753158163214274	0.251322777783334	0	0.206132236027665	0.233284188222842	0.277019509757677	0.202195349503285	0.103494578315671	0.0593778797319607	0.0903580511244042	0.156462356234362
Flex_D08-NF-R1	0.333844577548087	0.111510457274752	0.0367006420218136	0.159536956141935	0.11395945652417	0.106779562350714	0.104512503493268	0.107237038292054	0.0359882773037799	0.1265626790301	0.161944469555794	0.142643528398832	0.135811236584414	0.16997873535157	0.333755775733181	0.109091876084942	0.115584069483308	0.140602338537864	0.111381148593816	0.142904332221036	0.126421703564603	0.14211028641816	0.332265179494685	0.0390216229704828	0.115007470891565	0.12885513390013	0.167797075723896	0.160985827484418	0.138110732461865	0.166754027617933	0.0915986962021119	0.206132236027665	0	0.103599278095585	0.0904114654181571	0.275647032298469	0.195004851115757	0.219512089276997	0.189676552934094	0.338357579817296
Flex_D05-NF-R1	0.327822116691367	0.12080270702106	0.114155787282814	0.203462471356577	0.157824235302174	0.057967264523285	0.0541350378609351	0.0585475692788488	0.114353405922543	0.172152803395912	0.204949588160951	0.142662393714067	0.177719683366859	0.206750075800148	0.327743428767263	0.152836727193749	0.123855131957628	0.183040907248352	0.155216083428992	0.142521589682466	0.172011807022366	0.141228418808032	0.326032744493553	0.114406633847318	0.12300901984428	0.174415288380706	0.204537521512887	0.20465199799456	0.180029664752596	0.203344230506669	0.118889297688054	0.233284188222842	0.103599278095585	0	0.135449981497706	0.308832133087687	0.176530865022529	0.247467674630171	0.1797809461055	0.330698902090258
Flex_D02-NF-R1	0.410635207483771	0.187708302861232	0.0574218277685563	0.230794597006386	0.0771846275069584	0.120566482118298	0.123446436221679	0.120541151339005	0.0578541348746956	0.0388024352492356	0.232671983393049	0.226664138981838	0.212849584174128	0.238544782951535	0.410536291977706	0.075211651674522	0.191842207569875	0.217640688528778	0.0772502047573648	0.226975422464404	0.0386515373133262	0.226291098596621	0.40990603467338	0.0550509937878257	0.191305494236542	0.0409946197996464	0.236193268281656	0.232023562480965	0.215119122070941	0.235260286598309	0.134389818593022	0.277019509757677	0.0904114654181571	0.135449981497706	0	0.352175087273564	0.2811454486652	0.288018715047561	0.270805822358899	0.417926771672703
Flex_D03-NF-R1	0.226771708558191	0.210464829584641	0.304735749742516	0.202605893981838	0.323843523668574	0.358494700026913	0.356046086720096	0.359153218630408	0.304393588391354	0.387705981074982	0.202085695330212	0.20128049713359	0.146397136376926	0.202388529624554	0.226853119790123	0.319983592593494	0.207571938184187	0.141936115143339	0.321023175932453	0.200771912250419	0.387554896868423	0.200364098306543	0.224882344483511	0.306436697902433	0.209358449308143	0.389938629733141	0.203337307454289	0.202406189871491	0.145407652344589	0.203266942307072	0.2596821387026	0.202195349503285	0.275647032298469	0.308832133087687	0.352175087273564	0	0.171581672080819	0.196672053929828	0.186043158079438	0.229247548977336
Flex_D09-NF-R1	0.188209421181408	0.10392040733459	0.2290647033249	0.122090675470497	0.291210388671451	0.226943022466674	0.224104507648201	0.227661357700462	0.228312511877732	0.31434574731144	0.121209265566945	0.0698859319274657	0.179451273792973	0.130691861916687	0.188020671625222	0.285982914483862	0.100696523205678	0.182812046770757	0.288482334734559	0.0693356281019266	0.314324708717531	0.0684088143589921	0.186430031968577	0.230995667384255	0.101793404481671	0.316588361854394	0.130840872356433	0.123111919209869	0.182208573304927	0.130630566739909	0.229552974121205	0.103494578315671	0.195004851115757	0.176530865022529	0.2811454486652	0.171581672080819	0	0.130579551747622	0.0716975756377319	0.191466561421666
Flex_D01-NF-R1	0.169170408892844	0.150767931649786	0.245820128406914	0.0776077730039663	0.325329573211905	0.295998815307799	0.293390554970029	0.296436989054978	0.245538381819296	0.323669840951355	0.0747403614346716	0.158408306166806	0.208508454898993	0.053012247226789	0.169131596761383	0.320392019984933	0.148514390264127	0.212409373717019	0.322691323403619	0.157730589673824	0.323508821670827	0.156832035453722	0.168271252623728	0.2473609169195	0.149750655422743	0.325902379761732	0.0545547866587992	0.0748981654744127	0.21195560001476	0.0549677908728506	0.26746332321621	0.0593778797319607	0.219512089276997	0.247467674630171	0.288018715047561	0.196672053929828	0.130579551747622	0	0.111127228841233	0.175912189760456
Flex_D06-NF-R1	0.159191446004814	0.0868088277013242	0.22069498319085	0.0973578810756587	0.282712152240214	0.228084211578473	0.222831129423405	0.229304992122644	0.219953302547978	0.303705827881185	0.0968276128015556	0.102907578118297	0.174634241909325	0.0948675042192504	0.158810401398462	0.277704409245481	0.083845092116581	0.178295080401548	0.280053607128905	0.101748137413332	0.303744674041327	0.100360515954659	0.157359821166369	0.22276581120302	0.0846618629613836	0.305828653022472	0.094896663715932	0.0972784057294614	0.17793121845749	0.0947964323253018	0.224105426745246	0.0903580511244042	0.189676552934094	0.1797809461055	0.270805822358899	0.186043158079438	0.0716975756377319	0.111127228841233	0	0.162536965862644
Flex_D04-NF-R1	0.0307507540452013	0.23747087803949	0.368275473521178	0.20156418207367	0.42577369638093	0.377730759948152	0.373229030621201	0.378820841818288	0.367543767467366	0.450246133990876	0.198446725197696	0.236808905129437	0.314254233890612	0.212815157400812	0.0300117934074818	0.42061611413629	0.234517157859696	0.317514992569634	0.42307555101929	0.235949529237493	0.450255010963806	0.235042067533445	0.025980087076252	0.370105916395723	0.235223901798448	0.452468916708578	0.215648558134407	0.200004760073726	0.317221451253872	0.216131896482829	0.365027057390941	0.156462356234362	0.338357579817296	0.330698902090258	0.417926771672703	0.229247548977336	0.191466561421666	0.175912189760456	0.162536965862644	0
